1.8202696386200341 7.8754903086789687 7.4919587659179845 4.7115091432753351 7.0064140662961449 11.526611557800507 5.1589507751020642 5.3361370965727986 4.71470042491503 2.8653496019812685 5.5397233575893754 4.8887887230344793 45.418507228705295
2.0226122797451551 8.5298790391146273 4.0126801818136446 9.50799034197528 8.5952732133756324 8.3276608980174878 9.1308818666084814 3.5746603710657197 1.5462963813388333 3.2375736183862363 0.61336083962419363 -0.29013365951697839 44.704950339820172
1.5235364160448297 6.8592891226527675 6.50397929227398 9.97917609610865 6.83091468212421 3.7075530209395251 5.9559475474639791 3.5672542414744322 6.3276727440317213 6.5748556477465314 0.54413809983986594 0.42982082372895575 45.314903275809634
1.5538609043909608 8.1373445758042724 10.824607900035446 12.640207001554634 7.69535188485788 3.5631633065380046 10.262048437782232 7.8274763430905621 6.7303894446082539 2.4212744125129309 -0.11104105936641195 -0.99349218720841637 43.124725717294787
1.2174629517137392 8.4617213991643379 4.2206541277172063 10.158002926993333 8.8168732714699676 4.1051981853880779 7.1303744601868377 11.739783274535313 11.158449901101662 3.0820984615825426 3.2126448274033326 1.0890214730626127 42.843343678679041
1.4432586684751703 4.1384258698618437 4.5245405244414467 8.4004844914612473 15.639755048569098 2.076265986595299 -2.194516423665382 5.3507003137328741 12.958758223213337 10.341412691939583 6.2885264247071042 -5.4591645959147286 48.913903237267149
-2.3431531554345928 1.7503613999879415 7.9214442193042478 0.23898457827516018 10.321546649138044 2.8288260118345403 8.5913973325160278 4.7216002133853952 0.18594505423352065 13.792019429308569 -6.0567661446107177 -4.49301423480892 48.563214630698241
-2.3637506679147222 4.9582258498246592 6.9659363906635789 1.750388401694819 7.0834078863825685 3.006827920581157 14.01730902868011 8.57729354392619 -0.18378948771145248 14.07335035066831 -1.2911352056555461 -1.7521483812508842 47.057487299306963
1.5063161164328562 8.1187418622169929 7.361487814745038 4.9333745277774081 6.1685608229140563 6.5556240579133718 16.427980236717492 13.473270435163425 3.50006745525334 5.2777146846563854 0.34200895752799815 6.52621656677227 44.444938564265314
1.809814302736843 8.2197276810894273 10.109392712694516 7.7763831071880345 7.3341085305325286 3.2934287408081309 9.0223126210780684 13.47829744844014 11.93369283201087 12.068599343449385 3.880551781954396 3.3609952233575151 44.018731800025819
2.0039727434532644 9.135221789401367 6.2759458825233558 4.0733243158132124 5.9475250106317707 7.5947750383910337 12.305772079701395 12.065154537659534 14.072828240661035 12.567571396169702 2.9746817007149611 0.40343833771957271 43.859569749418753
-3.5025926467764239 11.781834184185863 9.4912782426533333 12.473299112833715 10.553834836860723 2.0846439478291106 9.5898526805675264 15.362744448132375 2.46764223862436 1.0465339022137277 3.643213366082299 0.91312923226595044 49.736789596154232
-5.5343941151950649 2.5930902709306607 4.8653947113721374 16.139537438941904 7.8510242326648889 -6.6482642651232711 1.9668262367065976 17.731737717707695 -2.8956817843316669 4.6812232396886628 6.716644944275755 -1.2293905561887333 55.371244592510941
1.9618016852821787 -0.2869278801911746 2.4667169124993387 9.7078189044856149 1.868412588180379 -13.181862707025443 2.0440146636808367 13.843200894017896 -5.3855139738086084 -0.30337618487108609 -1.9064276264383868 -0.23891255054348129 66.673777674200267
5.5890757282876846 6.2431503909873056 8.4668321050056026 11.536058685741482 0.99083572821436083 -17.083238145269437 -1.374580216555046 10.254709692900619 -8.6616470221828443 -6.129592908853648 -3.5229570606143406 -3.3661318389103427 74.954274226703831
16.794077392330312 3.1139661137697834 9.28546530445064 13.973626469427687 -5.6559793432450967 -26.992584447580796 0.74971359652141112 3.5764387047507884 -8.8231394477209779 -4.8727745884909188 3.9180379250312156 8.6770110951145032 78.577476920403569
16.810624916928091 2.2444669814408154 6.6574635490378213 10.956749056336887 -6.38330975752468 -28.600450424756907 0.42564673127933483 3.4651959634050571 -5.4483652568012326 -5.2036873719393046 -0.15944938016018262 10.86878893820956 81.375739633145969
18.535837441551294 3.509132735451816 3.6340829763108151 8.5709007198470051 -3.1250446587370964 -28.763320107693637 -2.0710492916346124 0.091733815951069178 -6.1558132053006442 3.8894603388790325 -7.9656326250042122 8.2379887142464128 81.218937894067835
16.02481795351326 8.9552276036764837 4.372175477350682 3.5875367296405836 -2.0161988401025024 -24.569769347592889 -2.8458107705778204 -5.7251414884672247 -6.0772083741818133 10.855006137962214 -6.2398898007803147 -2.3387889174320664 81.5165350131467
19.129263782675441 9.2243829524378942 6.4818044139527249 2.56978204588212 0.055181185198189334 -22.718746641839942 3.982377412299309 -15.716495572476175 -10.436311573730084 11.30291102149978 -6.7947728813124719 -3.7247282644416213 80.027009834167075
19.452180876117438 10.336471016247248 9.6443735655728879 3.7041393058397172 -2.4758556029078034 -25.372681172654939 10.798783643782153 -17.492679315978975 -10.058761812524462 14.458140254351182 -10.496194750148913 -7.7295211141547195 79.541052355951265
17.723428106898 12.393090272640782 7.7485578470437044 5.2792788510178612 -1.9576159707679663 -25.922581462397918 11.512093327369945 -18.433830521487142 -7.8399262909706184 10.159581229981455 -5.8563340035077704 -11.224476831891568 80.271541900689712
17.523824916329129 11.952166966643732 12.041752089444058 6.129026596428691 -5.568604317701876 -20.226962532012525 7.3222376400468248 -14.003362280436647 -11.97394063353709 8.5923084543644279 -8.2612893878786835 -3.3373001431851139 79.358999927165641
16.253766046226197 14.866820789447148 8.7885709823701053 11.965449148916816 -1.7923591825288361 -19.502335724988782 3.02399689623797 -13.138531570845364 -7.2053570878091753 3.9125439697437225 -4.1579301200675491 -8.8387869930119 77.701753935848217
4.1784111648979065 21.936049177418763 3.3328587341624152 9.2370384268219077 -8.9043142636487147 -11.02689913495554 -2.9387407596564961 -10.912739199062251 -5.5780659664677117 8.4700343588799463 -2.0165970279487748 -7.937220791476693 79.520616196405129
-0.32696127714989076 24.916071000029376 3.7280937572759791 6.9293892652106974 3.47986057327931 -15.286061008737788 2.6955759090174629 -13.571536541158505 -1.8608581476467352 2.9141956859459746 -0.84104341862182852 -7.5748526185229492 77.0162742525512
-9.622724118764209 21.890522367042141 6.4638602884853134 6.0844845692123268 4.0795071298976451 -12.884917082686565 -0.32650172738145761 -5.6487221102698095 -2.1722752263777911 5.4104480252112221 -4.1663145865086531 -10.079660562441759 76.718696637597262
-14.301067808697157 14.958789707747451 0.68792719729903262 4.116304063451504 2.4738663507022731 -13.154234396663458 6.5912783444334426 2.9286762418474135 7.0552662229500136 11.088942145090668 -2.3390871315970956 -7.086443029419633 74.296416386983893
-17.547250982180657 12.018129789807963 -1.353314531441975 -6.4268629700878837 6.7720418519208643 -13.006172567865839 -0.14596442168308893 10.266873853860938 -1.8506019343504017 6.7459475158384139 3.4858268514499962 -0.97875086736567762 74.067469580903648
-15.560268577071991 5.2720957916238786 -0.47357131002198888 -2.9056452186081452 11.858266810213184 -9.8595091004933462 -0.62068278854385794 15.454084695703855 10.760574171095564 7.5910709661539677 3.5216669670368406 4.13555164760737 74.168313219584391
-7.4905947959474375 5.4985599050143872 7.2290959411283033 2.0298292489105512 6.6332366704104944 0.47746271144627828 -1.0435868907126709 5.1488833618953649 9.420668547474115 6.669792141105475 0.2757284006852625 3.0314792815074019 72.345008310251814
-1.1388621556702889 6.3554608141979472 10.786565316344429 4.2622203541135066 3.9986150780395278 -3.4571747672867925 1.8496512303260084 0.18226900865359494 -1.7798876133716974 -1.6869958731725727 -3.2099958047936 2.9585949458764187 58.263385543318087
-0.30438568948752337 14.263195713132079 5.2935153180256718 -0.734820540783072 11.796430417944054 -4.7369035386394147 2.4750438762822227 8.2335537159514924 -0.29948606637456282 8.6962501979563545 2.0417057847012448 3.1215218242606233 47.296650405816813
0.23408460201236508 11.2005562832369 8.39659398849856 2.3613823946196137 6.367625450414967 6.75204985453888 9.3465395818338877 10.743875946274597 4.4639179661075552 7.5373100322464088 1.2671359755106026 4.3752105277284334 44.634992588718738
2.9322097463298613 7.9373168297255354 5.3175166737764243 5.9667096062349483 4.3847411080307053 -2.3401200279723047 4.240120445395883 2.3191499229217905 4.3691219268148265 3.8438181870895551 -1.0874612799233259 2.6884751521414465 44.09391932257364
4.7314149843260633 -2.4883540324317721 13.118210137648584 9.436019320040586 -7.0973445303315854 -13.966494792810046 -5.78826806623612 7.4282323445077063 10.932153072753824 10.590064496317073 -3.5426089636832958 3.3157662971730115 69.899243522962891
6.5746889479836046 -3.2294510145536357 14.853131616554867 9.2027610025065165 -5.2925730278810619 -14.389415857572756 -6.4224317878198329 9.5081618663339444 2.5839382553744956 9.331923349641551 1.7681417214868067 8.4510783776952767 71.851444443909529
1.7890764322602568 -12.986133182734068 10.990245866756597 4.3511035268273819 -8.2590293035468516 -7.8788525993677139 6.3018204144825329 3.0776312755959694 -3.9681216246658457 4.0011907345718987 9.6298814933226478 5.36761400271468 70.134237541035645
0.945236691454766 -10.471707311134622 13.338810412585429 -0.9627907782625047 -15.010511165822594 -8.7033979568189466 5.18074649894147 11.377134713844558 2.5164526571078083 4.7807496094356727 0.52242796867251151 -1.7373911353741782 69.546958527883
7.8056881629079351 -2.8596906582560355 23.624350844017862 11.78591368703942 -5.6311170823010395 4.1285167854110449 3.1932337006322928 2.8045144914962821 -5.9174778919652855 -1.9895568436138327 -1.4196745801161201 -3.0811840502944667 69.16804155735862
13.079941808716516 3.0905313235415255 26.814395390247956 15.17010210161917 -8.0059621499823841 -5.8315842571537271 -6.665924953256309 -0.03094908370687157 -14.567126216816096 -1.3221465028863142 1.4053714483201483 5.2071574381473962 73.381692442275124
13.456414307223888 3.0666809880511536 25.047008864183766 12.560889484055089 -8.3252698253051278 -12.34755803305945 -4.9512517997276451 -4.2506584345299352 -8.7406605332222433 -4.7241894247735079 -1.696489165669788 5.4174249294531336 76.002559548744443
13.505183055281453 4.0022874383165581 22.505464440676104 13.561987531931067 -8.3687557652217013 -13.861994779936813 -5.8450234786890309 -4.551985581311417 -10.208448307768602 -6.3994896266696051 -1.4184082259963084 4.08107867908246 76.695751333314888
13.728424735349105 7.9297215751017678 23.869446447754132 12.395374662433413 -11.366468298175592 -12.033803888624744 -4.2072186233258071 -3.024204226767814 -17.853663744502576 -6.11214177421398 2.8362302255700289 3.9253562590397104 75.522436784920217
14.724086455798215 4.81432328073878 20.993048833755253 12.973842333150049 -14.802542057593445 -10.124352706457518 -7.7980304267646305 1.1209142884175023 -15.95106495129302 -8.0182116188567321 5.5897183219895492 5.4947774704874845 77.268954892592475
17.413991293361509 0.55687679512630472 20.758348931891941 15.037961235867964 -16.68175287874951 -12.527737829984606 -12.328855221357744 1.7114264585653929 -10.751375379452965 -8.8614516830629757 5.3651085525461113 4.6435695739366061 77.130775462457166
19.755563422401092 -0.7956717337714192 15.586945807736329 21.334712036820829 -10.776574868658512 -14.161760692779271 -13.998965231887569 -4.0412699137585619 -7.7465288248752895 -7.3238125488529731 2.6016415362242253 1.5093279370769095 75.4247319102861
20.852860930938281 3.1712238476518166 7.9498109695164239 19.842004490661449 0.19933834868363862 -13.451029744619541 -18.714203969297987 -7.5332664308172728 -11.117939879711679 -3.1607600058349345 5.4587587614237236 0.74132673387486359 73.217161857711275
21.70433512070592 4.5838180911662825 2.4518043577020223 14.439668124001553 2.9942653016773848 -6.2315180679182021 -8.8673958650365421 -14.167914068629711 -15.84247899565694 1.9841915697357466 10.43035528736333 5.1069121371743185 69.7307043079438
19.217255911153586 11.922880766757009 2.7789745904961096 5.781789392688359 6.8891258773226376 3.8025694751378367 -2.7131816570176048 -9.1868182136668679 -11.192248019827431 -5.0756108982920729 0.851161410927942 1.4117399994238622 67.896381009305486
20.312245785019943 16.814233749260115 6.5100542479021772 5.4179962884014472 7.03894741022305 6.1102626949467131 2.0222470462535855 -3.7521135612582976 -10.474863156195051 -11.348577111001571 -5.8747855073973874 3.3963182542363306 62.67020278047714
13.996574010783977 13.994069971062752 8.512832066294207 7.6895714441793279 6.8248798053031878 6.5512976920001247 3.7748182268768793 -0.38429956105507318 -6.6669079549102825 -9.5549422352387676 -7.6072464380630977 -1.8535536351209989 63.55961479733952
19.612532505127515 8.5604805646155473 6.2296572963620847 5.477643791591114 10.296914518203392 0.088196634551024736 1.7729119457613283 -0.958680886725508 -8.557137230908932 -9.9541116747477165 -9.2220083904919541 -2.1848160293728642 62.585458222650793
17.006635432483268 10.575943348725227 1.2305237289290285 4.0981055302448972 5.8957472561143582 1.9502935499274843 -3.5920391557121967 -6.0622319657256263 -8.9217404431869127 -9.170502998553852 -3.5458651231315423 6.3633517140100242 71.214711281280074
29.72734762246618 3.1989089727719398 -10.048712034920548 11.805433968705941 5.34202355681577 -6.7723547785295937 -5.4496240321269847 -13.329523741268659 -11.172840389961001 -3.2134844070928952 2.4632065642572623 4.7610764020170491 71.229860451103022
22.276003663817427 7.9516621755179422 -8.1767712730956266 -1.4995730229115134 3.1665517081575838 -1.3920095976452576 -11.626302455476381 -9.5560669334070987 -4.00346492164375 2.6568380370084377 3.538205317370378 4.9027547639060574 78.670846055309852
26.29208281724371 2.036835092887284 -8.89615972807364 5.4197952365413249 -0.628216456622137 -6.1348909461801524 -7.948414704900042 -6.1474778095987457 -7.7228112976167216 3.9387937182347894 9.3828945435798623 1.2936040898748959 77.713561454532055
21.291748160475443 2.5035050517253485 -4.4443403118115139 5.0684993662418423 -1.3873884672160506 -7.1493159417828283 -9.7805189157112871 -8.38266525043897 -3.670764845690397 7.1549013785650137 10.526812878412011 4.2499486897652279 79.241903348297754
22.58710469878762 -0.52756266264381324 -1.1491319058735354 4.5071241074636266 -6.025859749365309 -6.5169849286470907 -11.953353936017027 -8.72710228634554 -2.1515563668804321 11.561325445338138 13.339590464855384 6.6960069049413651 77.879656338569347
23.455306721333219 -3.39402305190695 5.6995773077638718 -1.599229216732353 -4.7174911172471363 -1.5718310023639441 -15.096533808573955 -11.992023165904683 -2.6466387434129666 17.184606444742407 5.0063009353390839 5.0164528888682192 79.006757188208709
17.905217193270719 3.2280691314850314 6.5238485142152616 1.918063486081512 3.3808249701378017 -5.8622092083546153 -9.0544996793291777 -13.946580840449238 -7.8967083460066245 8.7630039079790549 6.6795811011438664 0.13905517634395786 80.041519122369266
2.0237702921017395 19.623659562774744 5.98255790120239 2.0590355659873536 13.868369373197877 -9.1143176708938363 -0.77910685230655408 -5.454543526637786 -5.24217287650074 5.8244498008214691 -1.5239569651408431 2.7582643103656657 79.325423537167666
-5.7243449620588436 13.327172311839512 2.2820130171867405 2.2523890414738323 16.105929416180143 -4.6536186139762936 -6.83185837951043 -2.3882988542073127 -1.3593032703009416 7.1852167201351751 0.56780843803003744 3.6856879327622836 80.517009856210564
-13.672760735585038 14.030201561232866 3.2930226442659549 9.55549007269662 17.36462802960725 -0.64050253594591633 3.978807500196794 6.8699979845121266 6.9864736895273243 9.3936168422032722 -3.8246712313215205 -3.4263344957599196 77.672797673327977
-18.209300455955027 13.569941781497738 -5.4245311454440834 -1.7184124051665026 14.547539770951504 -4.9180287600184158 5.7607645719532812 4.9869524692107881 6.0388068737003033 6.88438939305867 4.5638763408870453 0.41245192818953019 72.771095220102438
-19.386372598365476 11.244407153552714 -7.3602044828352726 -0.55961761165063362 14.636135361386204 -13.922440549493492 4.71960341247334 0.18308054040383778 4.728365651272223 4.2985648747069174 -1.0320881240608188 4.4498806651320741 72.4671027492276
-22.95983584056253 8.2785712343099274 -5.8078258714474984 0.49045668470556986 17.196391349053098 -13.722110248022732 7.4082149438851319 1.7575123960483761 6.8487983854161385 -0.42437765790223236 -1.7684012718841438 2.6314622319722494 71.985745268618174
-21.084707886708348 6.9863261847899 -8.98062726720409 -5.0022713943560264 11.434551494176462 -15.813314466428993 0.16907759759721383 -7.1748269710565209 3.4439116758455741 -0.0083916609231069021 -4.4788024509045066 0.68917277838388136 73.220794162115027
-18.276385654025457 9.2059812218036363 -6.2447400900288947 -3.7814105632144375 10.286266889608774 -15.997344272853393 -0.41756401843922758 -2.2005707650381332 11.348146484191233 3.0606541086439503 0.40379632411338756 4.12889200230959 71.4225444486632
-5.64719657338543 16.691541171716132 2.1047749011256576 2.589471701444626 16.059973140245539 -16.534608217041498 -1.114411507972729 -11.908568365457873 3.1306916675630116 2.7389157943914437 -1.28638129413406 -5.2981792279794009 74.15670886261681
6.6514187573679875 13.356573308778659 7.865574794632769 5.3150306412393622 14.841625900625791 -23.061776198154202 -10.063252699440671 -11.997544890926944 0.072876581890098782 -4.28923633217948 1.7676574539367356 -1.3624188718625077 70.73217613255558
16.032587186855956 4.9219914931368383 7.1542816318713962 7.9741284769267669 8.0065917178116877 -28.857666764341129 -15.970514650819732 -13.160555338853602 -9.3458202012721721 12.032567977312432 4.3403414107480707 -4.2799457306798594 69.293252245152
9.5101941758117512 3.2242789702149119 10.20350599109854 10.483925088513633 3.0326041765514518 -29.253018697920336 -5.4153843264358725 -2.0115783770489459 -7.5444422527759993 2.1755158473967562 -6.191758502762319 -1.5438733307538581 72.4435434642412
10.118693542667863 2.7056771228180017 11.35735298153716 6.6835831594766875 0.45010453733184053 -36.212217305286657 -18.285312830482397 -1.5525544932737838 -8.399671549034359 9.7969701223868615 -1.31739813365939 1.4213685718828173 74.930527110371543
8.2515456742447491 3.1661418667354111 9.73494257621115 12.043749112287426 -0.96469258715735862 -28.21779130845054 -6.6203004445570359 -2.2259644832137044 -8.6491306730635156 -3.2635984772363136 0.017099469913567034 2.2663248430748713 72.595237169870842
7.1938086212739911 3.1994864753385155 15.13498204317864 9.42471832559052 -6.2500069803319933 -36.634090253632742 -12.35786615078716 1.9682107008798049 -12.498900995496252 2.9659045678143392 2.0003142805864611 4.9801901204367969 77.674765290453081
8.7996346024463765 4.1404639139070918 9.0651175231881371 11.966906393911053 -5.1686576758567071 -25.187841204463982 -3.9795502271899594 -4.5674755450280768 -11.536446333797002 -4.523194007773613 5.1152802978092424 3.5041895652854058 72.148052679510428
7.0033506954518252 3.6938014658874896 16.458451559404388 10.569978344244133 -7.5754564704046974 -34.263028770850944 -7.910436291771652 -2.0898133261036933 -15.416164517784688 -0.33159365166421645 8.6098960344145326 4.2275484269896708 76.828573365388777
5.7708142283838342 4.2289163141640111 11.476312800667435 17.438085890616694 -4.1453555343632678 -22.813424621124014 -4.5153529536751416 -7.1585241263196844 -9.1821847789294928 -7.2008806576765965 8.92411685429224 0.30665663336497656 72.95705755252375
7.6503668370237277 5.1900999823851031 16.832500693327706 16.693888073292662 -8.67632739546648 -32.994788480946553 -4.0367251625132345 -8.58680069051233 -14.37078466970674 -1.7554799889501473 10.829215730595411 0.65893590827621329 74.6261561391232
8.0674702246597221 9.149721290575517 9.4636070029756638 13.139834585355494 -5.1415558669212844 -20.212573234141374 5.0996099059490545 -5.1576440275547695 -12.804135489260272 -6.8795350270398652 11.995968285382489 1.1283848032361354 67.8521329958327
8.88670773792968 3.7109270885727552 11.413411614042948 16.845954709571796 -11.752630570056477 -21.816541529997775 7.1344209549928408 -7.9614945363704228 -11.665974435146168 -6.9733819100451147 14.206649353608633 -0.37998434662060609 73.593247223433323
7.3018231111879937 6.1542275281001331 12.128516175913449 16.452340176162242 -14.992097255345206 -24.466055797916212 3.6304043417227136 -2.8657746856042072 -16.576730409063209 -2.454471683627375 16.846300079175993 1.3552206703860719 64.4343159608215
9.849545403758114 14.829055818487715 14.426656503681693 14.354639750397823 -13.576968254031398 -22.041604350924665 3.6169631565450953 3.0594058859607358 -8.1579085643764166 -1.642365390783147 11.737925859315922 3.2134886851108488 66.5766646934962
7.1468321433670345 15.049371450615309 10.922206160094486 9.27113880571507 -13.399339785551453 -24.056342953081913 1.5516928938952583 -8.0014606339994412 -13.283504361954716 -0.97342750055195082 19.422839170936328 13.121615544867977 59.342802208753305
2.6867392245449415 5.5738449621293986 2.3735892544023569 5.7083953891656138 -8.9582082801279022 -16.189847269700756 5.1804129070121521 -3.6958263560751368 -3.1696761118668815 -6.0158686351088377 7.9327854307867849 -2.8137113245757344 55.075089981797923
3.4741450149763557 3.1224059634704475 2.1897657409986477 6.0638603204536414 -9.0026847692327063 -16.22442167484186 10.972966324006251 -1.8688971218480674 -0.90793326816739872 -2.5247298526596755 9.4894536068818027 2.3144329460393771 50.923901763587217
5.182328282284792 2.2742068750340914 8.9670299253443453 10.842737792789652 -0.35661078432371779 -5.6905897168529913 12.335200484304174 -3.5354788042052929 -0.7588823754738363 4.9846530533996569 3.2629074557901783 -7.6849864478360859 48.350746173117194
8.0956074476362243 2.6772458629282152 6.7504540838901947 7.5877699420231011 -3.4998760122458275 4.2696738943636294 9.5350207925244419 0.86331600348219106 1.9936813840145937 1.7136401728513657 -4.7789012193039575 -3.55831967895753 48.502768731100851
