-2.3978894964980482 9.7621119933277161 8.9494343329094672 6.2733119581309538 -3.4618286687554325 -0.19204320947381667 1.6117882714118306 0.14546389508203436 -0.33936811075915629 -2.9379023978557104 -7.2448577879315508 -4.1377384128064936 36.303793827337593
-0.98996590064441037 7.7953150795894643 4.58059722859376 6.216583840024521 1.5302647627428259 3.3743815310888321 0.92970428966003915 4.4808368435748935 0.95355128757363539 1.2987918413597179 -3.0363919339616494 -5.4659165556929086 36.628638899345169
0.32623753978898468 3.536633509988238 2.9811286032044237 9.68102279558646 1.3159494298086878 -6.9116832400017971 -0.73945120048664 0.989985752265324 -3.4942749523324164 -2.1847912240558136 3.9808718937636156 1.8192910829569751 37.564062793704288
2.1735541822659328 0.83487664804660677 -0.17752782756417892 8.5150166845571551 -4.2806983676903929 -14.222592022227877 -9.3222606723357551 -1.5312030109463919 -6.5752500722616283 -5.9233031483400458 0.010420743340728289 4.6288421005015152 43.143513708192714
4.2686607111784856 -2.6069441255499477 6.1957072034970286 -4.1427835997336828 -12.669381310806395 -12.161896759221518 2.5048631939108454 -18.435860109270845 -14.787560370436202 9.181538546346367 -4.2817555243007925 2.6355147152905509 54.286175078629178
6.0993368882840553 -2.0916369976688007 7.6437488179813835 0.94172149593450416 -10.504435181752202 -15.507073438976544 2.701777537191179 -12.452131843783459 -10.094281451139334 3.728248418960173 0.62397126730483343 -2.7598003233270165 56.558831944761181
3.7604584144600226 4.6337178196475568 4.8737795073104486 2.1239040116721806 -5.844341204984989 -2.3383119862860862 9.0977739123327162 -7.6904235326976842 -11.491944906307191 -0.88883655901414516 -1.1822770758934511 -1.3212591990057816 47.408410884988186
2.0126139148488438 8.3198303834473837 10.928941042161915 8.7440384070946067 2.6785765720762393 3.8586357074404303 0.73856061892005487 1.5422291306103106 -1.0006618201002202 -0.71231839672574537 -1.0593947585043983 -4.1584048157428724 45.571401991541812
-0.11226128399795728 9.2304885839240143 7.202005472063858 7.0874855591221388 1.9200157749936082 2.9141045743221086 6.7295455764162915 6.48968490193338 0.21154363891891717 -2.8329066292598837 -3.8830473072463692 -5.9849289160834784 42.596080661562766
-1.2946921639341269 7.6133708809405629 4.8236405374330129 5.2847761970586227 6.25489574493856 3.6634429043611823 0.9415192062071267 -8.5514903669180846 -4.5555329989157451 -6.248878992440285 -6.7180038191278086 -0.34698480988431479 42.033615608981016
-1.043824521301457 7.8466971484235755 5.1167511735063158 3.2870552483402009 1.811688341698011 7.4481850503434535 2.0026865400172347 -4.1983151893693318 -1.4025308608977993 3.2074119263374512 0.71776299041224689 0.46432783608453182 41.7397887958232
-3.3138290946010236 -13.365791257509532 1.8124701238371852 -1.4871626948177623 -2.4756969023701871 -10.281889998848481 7.47754198987096 -2.9903453564069786 -3.9599899164507284 4.8439324777162192 1.99959072530608 -0.35494521649305222 72.582112062875851
-0.55710475096555845 -7.7060932041385088 2.4454285297642149 -5.9233944696810967 1.1523336234972628 -7.1858035212601274 6.6346768154650393 -11.212368202103448 -7.4060827283193449 5.5570764523327147 -0.77387704148991265 -5.1265806281508528 77.698377964234325
-4.93919124931145 -3.6069866581287298 4.2424228428857846 -11.259969479508785 -8.8875189402264461 -7.2403789464398685 11.754706009678623 -1.3168918517364916 6.2049177598690859 5.32540247960448 -0.45838259218212296 -3.8348881530381855 76.5142698841326
-0.80581243274907921 -0.99267026265713709 7.426922565896624 -9.568521273597673 -19.216793467494991 -11.922766417595684 8.86779357112651 -0.61274820788269335 5.4100834018152373 15.110092078355327 2.5708431110368117 1.3591876926446917 77.052537420102468
5.0406494307293039 1.8823533127679428 16.650567661678629 -0.041221775450564518 -6.4819506043850588 4.63952459907544 8.6569978621356416 -14.422352495326757 -19.114441712690951 -4.128171340531777 -11.474280636206185 -7.0383376321001627 74.971737792492092
11.997321842547262 3.0715508185299334 11.699480539080314 -7.72019301555723 -17.413997728963896 -2.9633079635524737 -6.825029362971903 -14.249387346042184 -17.781086051518663 -2.0941525563595151 -11.551881656857942 -4.7824372161142668 77.733805218022852
12.588318635648085 0.11539908741438118 9.7229692991922345 -8.1480449383158629 -15.499688098188598 -11.717522024296471 -12.565276377204897 -7.7867796479912972 -19.521255897664503 0.32355485569233955 -11.656032688361524 -4.1321958063328088 79.769523766668541
12.499725519054667 5.2540821658756514 7.08889290228741 -1.5472784117886913 -16.503042113014992 -9.8703105177882176 -1.7152847624587939 -14.315524127356207 -9.4973155096910951 -9.2750089254347152 -3.71542281213021 -2.9749110322840693 78.749021635194509
15.855505520411851 12.497538420277863 10.991634111656026 3.625758746504129 -10.634905000812592 -11.724304454272348 -7.6848385659755776 -15.978588854734276 -14.836797011696875 -3.8511559283455057 -3.8912566583339849 -3.2118171165311327 72.270437273087367
14.590708177599991 12.590736830379017 8.86536722404353 2.2407326324325623 -11.035507176871997 -12.996984532160983 -11.20387441409652 -14.096460107221283 -14.275298279785638 -7.3222047049879633 -4.4238925414511083 -4.3907742607411384 74.672822239081441
17.301508581928445 12.331198387625468 11.873820395933759 2.3548584079071042 -13.891123189334108 -15.98480001800146 -9.4090495375818843 -16.794242852661586 -15.3721102543243 -2.0722420298455417 -4.8448674951107389 -4.2356010078194659 73.073818136962629
14.175630867067563 12.806148855484807 9.0896784398623858 2.5709250897787181 -10.411803758218852 -14.433067449026389 -13.455492099122189 -15.135885347129518 -14.206229683235499 -6.1069605103585394 -3.1025872707314441 -3.2685721817654834 75.5654726602614
18.713937117715528 13.894157438825241 12.975005970336493 2.795166978703727 -12.263931026559339 -14.826026071131858 -8.63891797436912 -19.2605398175819 -12.143443522623478 -4.3455257736149875 -1.4666019432085959 -0.32344660568085526 70.70386203487007
13.653116112270522 14.165290978858769 10.390445336250737 4.8622860066478877 -5.4789400777423412 -12.481656585162089 -13.221783515808449 -14.712823245336212 -9.872897504282836 -3.7317925630227045 -2.72780551169659 -1.3867568974833282 72.849219897762723
2.9496727149276469 13.279580694840885 -4.6111808930966047 3.5341897388002139 -0.70543976550945187 -3.436263503965038 -2.9820104998963486 -10.696670580116407 -7.31001883350726 -8.068861503651247 -2.3146217796742143 -4.8100319581771283 81.358945493139061
-5.7097884516153412 14.037400550337107 -8.9948624464010969 1.0988125749225937 -2.3097854268484355 -3.1542179682818579 7.715002671331054 -12.033330960274276 2.5885494192135323 -0.89639415718133042 -5.5167281466633309 -2.5285006694557719 82.215252824781032
-10.956664052303543 14.496405813019159 -8.744043899038239 0.67740988096155907 -7.8155625448933508 -3.6616267837311232 4.003034493085571 -6.2229928406047037 4.2678860149580595 3.1359472431852229 3.7769518764021184 -0.21821585876071167 77.4908291647082
-15.632794521085646 10.552486099876994 -15.930737805157445 1.5644101763659839 -6.4893906881827972 -6.3771038889998728 -0.756845840355719 -6.98335628780411 -1.940512743285695 -1.4771932182664747 1.1583090454972029 -1.3248812930702094 76.401807258018621
-18.480674907809203 8.4727995219044629 -14.488721740522024 0.84971261104469409 -1.8223350879775644 -2.2225177794639244 5.2217885985536672 -7.9917324533758416 -3.2795071019818325 -1.2114763640500339 -1.7613016406999988 -2.748243739547005 75.163678345511713
-18.466006845693865 8.0973032392977 -18.820010121282952 1.6308222177832747 -2.3237876650720195 -6.9851622077022943 -1.8757265021044227 -2.839214624343267 -3.1548753271453314 4.4189532716426365 1.9492832954091546 -0.69254182261496178 75.276446112890213
-21.475493017951727 14.268616045617414 -7.6265038279229271 -6.8466368602802481 0.84801574293250614 -8.2331629332095844 -3.7028997095532015 -0.0967586721180971 -0.36432947865408405 10.851832482778452 -3.0140161263413874 -3.5301169164908819 74.406750518139972
-16.665726450007259 4.3389452309375907 -1.161442285549356 -13.228701617487918 8.1600948420266963 -1.9977466181135244 0.96857769668437632 10.384186190105289 0.51232431347374086 4.3841956749389714 8.5823860636035789 -6.2263202580922323 82.389008508275438
-14.043487076421767 4.4596415954619042 6.2106644756284233 -11.052996016657772 6.6774191709485322 4.0557661779352978 -5.98232139722364 13.253645115401184 -2.6925379198549151 -3.9900028664376883 2.0342218956553273 -0.31058908923795464 76.201026837285966
-7.989311275629368 -1.5360882195226233 9.9485146718211013 -4.4295176430094783 -1.7257164819018227 3.0672643251961551 0.23881360519937614 3.852581028578308 6.8623840002257692 -1.9167140201943169 -10.949450262610457 6.2365267819615324 67.292635055978579
-4.3357595995172309 6.8078187722088348 2.3636622243460432 0.91660149513764921 7.7275248895111917 -0.45252042223999817 6.149489627790298 1.0352396183499459 0.76231597266063078 3.7358484761465189 3.136343749439618 -3.0824221482085412 43.796752554834285
-3.6991477642364727 5.1200511513048257 -0.615985393146787 2.3010550521851183 5.1574526784759271 -5.0527186454807911 0.64950493880898341 -0.64008550098420081 -4.21647198296912 -3.696844006870379 -2.2461327333520211 -1.6198758280139394 39.222868278192841
0.2323425100086462 9.9830033818756636 5.0059952256387668 7.1452125778088327 6.7530266521274571 8.3403801028580524 7.1604001360341183 3.2876726260496221 5.5485767994699584 3.6941580360697936 -4.5856995460431289 -1.921734301325241 41.356751593336426
2.7790843052327183 1.6348267279083666 7.7828612687552976 6.165692796086307 4.2080151658537419 3.3504337878930093 9.2536696276358388 3.841496111087729 3.7548320928556311 3.1220046124747021 2.1583093178823631 0.22264809466798186 56.108071143088438
0.22582833222377766 -2.832500555237405 3.7476291339410315 2.8496414514632455 -1.9352118585713525 -1.4430065271106891 4.7279486723336239 -4.1041309633368614 -9.6346261343525672 -4.5366342277327369 0.26809342210601478 -1.0687131017545231 73.710948142345316
0.050877848552233554 -0.39116593177713904 8.82174878631802 4.6169606072654936 -5.9646305715927781 -8.2354993564474732 11.790245832469177 0.03660324256786724 -13.126307784954623 -2.1299341658052549 8.5264475384740557 3.9942526440573864 72.561342820049987
-0.86977661125471684 -8.0455460324241965 7.5426887861178011 -2.9620858428960593 -12.902483684969717 -4.1784063005102956 14.879572924380316 -1.3722877162617277 -0.96494550627164521 8.4388555079597065 -0.31718213724554245 -0.26097573751703307 72.532642604324039
1.2628269895842581 0.97421605623056207 17.807571797116022 1.3294510990579389 -9.2244645045374227 6.1059119660297085 3.8083765806340146 -11.012957705336371 -9.48590414165058 -2.5682989923595758 -10.859815556270256 -2.5904573738740617 69.226418592006482
4.4787775881476257 6.8345233934002332 17.273070022821457 -2.0606399810816365 -14.762588956725404 3.5715446406426055 -12.99534986853881 -14.439821930908812 -10.280340903321905 -7.683557983954449 -19.353342137358823 -1.496344604039878 73.509642790281447
9.41430894604907 7.4708912519904143 10.679050965059469 -10.885253679577852 -17.642728400364657 -1.5126298439171073 -17.558392079514419 -14.581560688963174 -12.831795195672324 -1.8845714983395492 -18.662827335386027 -3.3363803096350608 75.870053035393312
11.664342033160757 2.3340947126308857 12.077256622099879 -11.662198412479803 -22.353294194501824 -4.7002708706271337 -18.001663569893385 -15.216637203595154 -13.337246620781015 -2.81297681776454 -13.121876586200983 1.3433166169450343 76.697793164434046
13.163243451748798 0.40123323209605438 12.528643002002143 -9.20895328358443 -22.69063246124492 -6.131776518098313 -10.135858625242493 -15.627700424349937 -14.599925286658928 1.8416389891010179 -10.185491218649048 -0.069213001227085277 76.795512797514846
13.691947401926488 -1.2093760913760461 12.519541274004748 -9.35227200939086 -18.809524512182744 -12.454946981392212 0.54969289149178613 -14.144967373146928 -22.498409899193959 4.5186350684844241 -9.3122314855319424 -4.127052548697816 76.788572260005935
15.326019352953313 -2.6941219325174863 9.8019882573879489 -6.1985194970435744 -19.285799792055968 -14.075609025027642 3.4026155629941219 -12.559975909089893 -20.163753101246279 4.2116608173448329 -9.4624516642724839 -5.5308592304498676 76.641724484234771
16.170278486221115 -3.4955687202856636 8.7769741131348891 -3.8422164441570472 -20.097331080394966 -16.52841667247931 6.366809940021863 -6.730632532503031 -20.281193356645844 2.3033728670247422 -6.358760565705901 -8.4792312675663837 76.743778863484309
15.962623622218562 -1.050015867329563 3.5449738925224312 -0.21939544630056493 -20.246506425434177 -15.788465484483185 5.3943901589203049 -2.8974981039402605 -16.057796453094092 -1.4025603212 -1.6649488389208267 -9.47746972935267 77.167795526536622
18.908879821371862 -3.7926920051768569 2.4961183638588689 0.8665793933611603 -18.071682563547515 -19.066499063119934 7.1869309049813719 1.9770053369744018 -17.69207350958445 -0.545946256449633 -0.014013417023814423 -8.3630708922888157 76.483271491428766
17.525965335012952 -0.5941056052892939 -0.014570257140777141 2.3613945786543322 -18.019104629442712 -17.874927540322641 7.8668237583752658 4.2834562220124122 -16.152142812997237 -3.5990017041073594 3.497064157345382 -7.1513485751437074 77.136420267556431
23.506055422483602 -5.7268132910768443 0.0777850838495455 5.2404196756368489 -15.440158324163479 -19.800230778726291 6.4107236998769821 7.682853391846 -12.298853777360941 -8.0875486957111811 1.6719040527189968 -1.685052662587893 74.4158243849761
22.876783465290885 -5.2614515626617431 -1.6683048784974834 5.6169181794817851 -12.474068937817364 -20.281768076113963 4.3450618254214719 13.446072512344863 -15.085568004722615 -8.5109466726031826 2.3217413011590011 -3.6425347255191522 75.246545738778124
25.008316462385743 -5.3593312568881011 -2.6847205531655827 3.725792489742807 -8.1467452216151 -13.487547872436894 2.2219921104632641 11.094940030833412 -16.085635580280652 -7.0106902165420841 -2.4080333023872265 -4.947583159199139 74.861764138210745
23.376617290135247 -3.6099838024756954 -6.8039378193263422 6.7278333032568627 -5.87505969393296 -14.242986691096347 0.93063392834755154 11.756800689065097 -16.859660596593777 -9.7821372039251138 -2.4619088783519665 -3.977932696999348 76.1646964410091
24.072243458630638 -5.8650956401573691 0.68336655635745547 2.8844349867609074 -7.9034663279389443 -14.180113814674883 -1.2585653214315871 10.209931082874073 -14.127447131076851 -2.6688930577681202 -4.3503297891002228 -1.7873255370601773 75.390177784399938
20.691060896061746 -1.5092826933045989 4.2987911688967451 -1.6294318723586005 -7.376667503285212 -12.671326732979857 -5.2794252359908818 6.4951349756609531 -6.7927412507471114 -2.5066242571627004 -6.988386299271367 -1.7302695743670859 75.050674611220174
20.11386473133858 -3.0868895747899137 13.648739831287113 -1.3762574309529825 -5.3631717470498836 -7.3063961916040823 -6.9557443409335091 4.1169708517939849 -12.885554080421874 3.64481699594724 -3.4964972289684684 0.40330471072632645 72.901192477842827
16.794375614238028 -0.98674763522771836 18.328689770358 -2.5496645152266884 -1.622187932452543 -0.94951506433306376 -8.0767354575034425 10.939515057262069 -13.776120410294883 0.44734263692295351 2.4520207754404968 5.2365204344711218 71.2417791198055
6.892893123524046 3.844612435625629 13.603290038156386 -0.15201102005441128 4.1403268253638119 -3.1808246720327928 1.2602438048654576 6.0448367275272359 -3.9929924963726031 -1.0940430641260432 -0.14908221360156707 1.6534051777283962 72.849717361060115
-5.6018194139863855 10.283574091321045 11.806753155425669 -6.6961153549705408 -0.24771169870411358 2.3500867094982572 8.1096148817532789 4.0765282008682009 -11.811813072865439 -8.2379166091768674 0.41103166189987728 6.0166323537895989 75.097389836400822
-16.479155096391537 10.058075187649909 10.012197291942728 -4.1079316801632926 5.2054661760578442 -5.972258501309585 12.36337943802493 3.9343360840562847 -8.1844571461532549 0.18773005971196965 0.6452065169833302 -1.4504226881623348 74.1151674258341
-21.196788345650408 11.248360808034276 -1.5369811708879246 -9.85694469761409 6.1304683948703724 -7.5236546865071094 9.3834465005887342 -2.9787999830461951 0.088393789670848474 -3.8027702943107711 -5.6600432729824046 -0.25644996836206357 72.340711413254141
-22.831059411229035 10.13191458768012 -7.5809912003808817 -10.88656422946687 -0.51667230637121442 -8.5862555188046734 0.49510665346259225 -5.9896803046193776 -2.8719963108211393 0.81179678228052476 -4.4376846641399688 1.9001588201664115 71.526562545184944
-23.115827379899919 12.588501679307125 -7.4565456798041057 -3.5895293824996317 0.11821598445186511 -8.0641619157529281 4.2801182168411733 -7.483314221479838 -2.7194147747571895 -7.9734530633549587 2.0414889296438923 0.42793395204570045 71.154835414908035
-21.959668532840762 13.054409953437766 -8.68527167548632 -6.3846524876583635 -6.3212207478225757 -12.248573544367474 -1.6392993115006078 -9.7030338951419672 -10.178542254618826 -10.563879342985482 1.9359543611811794 -0.20171955984125739 71.784519369606812
-22.885523303308279 9.0107724204599364 -14.131466830307694 -6.5189439115635626 1.7563843105131216 -10.935638804859874 2.1160945848768224 -9.1492019996416918 -13.766195100171798 -7.3248891166704668 2.7539439036062143 2.8726023007561277 72.806317738784131
-22.13929979333944 11.767211941893496 -9.7848178550426645 -7.7282108822838378 -4.1724820093656332 -9.8398632744952543 2.1754322106812864 -14.058053371546885 -8.0720953046322848 -7.7756982682012259 -3.6854023142881469 -3.1495979892956334 72.236627636572067
-23.461737677356183 11.594373441628862 -9.6629893716262174 -7.8053161876895825 -7.0698517413723341 -15.723992805171598 3.0363047231285196 -13.497772261241575 -2.5431765979738534 -1.5008422414513343 -0.82747943149338465 -3.1480661592875228 71.270617572182076
-22.454846633876489 11.228874712904288 -6.0203308327384457 -6.7877461838092277 -7.9924175652391991 -12.47799958549199 5.2265964889856278 -12.665305204426136 -5.377493688601505 -9.0783462587520827 8.3757610369065389 0.094105002325507725 71.137160335787854
-19.791589367074529 9.9133638649216582 2.4773780489224206 -2.6780551654688831 0.18569723968000515 -6.1723796724547855 5.7106133793357889 -10.829819424413671 -15.17404361339115 -5.0368700227749414 3.3601827417906853 3.0855294581637591 69.852482943887409
-10.468551198404407 10.940792429690777 7.77314956894466 3.156034910198807 6.6888947196942041 -3.4196183284511044 4.1459034473900562 -3.7152788325856152 -4.8297469161500306 -8.5948284245254722 -5.9080807628946124 -8.3127109569488145 68.426475174404843
9.5483222898957489 13.848827806513045 15.0528504213211 -2.256729833628226 -8.449172504597998 -7.1201632259618153 -1.2591014453067171 -17.241958521879603 -5.1684435981748873 -3.3433316058327645 -3.1068444351476625 -1.1616791998562614 68.819094400388849
15.29363159901386 7.0925536497409762 12.786843522768448 -5.422230073346074 -21.300680605445336 0.90849561494251174 -7.9809463121328683 -10.742711716766108 -3.869447986396 5.69889909549508 -1.5750072752061581 2.3379222316436779 74.331217385511
15.337177848621177 6.5192628242337145 14.213344374540233 -5.95862746517654 -21.778068860032892 -4.3289454930994546 -4.00837076264766 -7.6641727299862881 -7.9275174146524918 6.0840935227492947 -1.3057928256453124 4.3254058496916095 74.826664164903292
13.973826637262041 7.63765934494702 13.495528990668628 -8.4420642282812786 -18.517617166060454 -2.6337334931230485 -5.8982119876536663 -8.229593747630588 -6.7159864922134025 9.1779644311362958 -2.9801071880728474 1.4373041017015866 75.785478127616159
14.764268672679888 6.2705041392915257 15.829169349541425 -9.3185215260142424 -20.04203567476678 1.7373726656456221 -6.3840441580584191 -10.045850067781322 -4.6636832597620455 6.062000005220626 -2.1256425271262205 0.9106197553555877 75.411419886443056
13.567848666586336 6.7862754911572791 17.187001172592538 -9.5764762452125556 -18.309284865769158 3.0895498762152509 -8.1241286006184286 -10.882590403232205 -1.6071981821975934 7.2070736009572389 -4.7703615267230948 0.9558431539252864 75.3459545910184
13.016806903679514 8.8730154029592825 17.471432256586247 -9.1216475907320973 -16.568575153032643 0.60186085530841815 -7.5529970696285647 -8.05600804715666 -2.9680711601237793 6.8800748500281763 -8.0098000273542489 1.7366584930742575 74.521606568176125
14.042455525943208 8.3722516462493246 18.67939527205921 -10.795557317310964 -16.485985762823645 4.5058972391699506 -8.1054258933282082 -8.08030482063369 -2.0368809890444077 4.4219432554477143 -6.0173602452475121 2.8243808402418531 73.2721354216747
14.891047512626809 7.0938859550543247 21.603838703910284 -10.307508552485869 -18.033092551135812 7.28058961156526 -9.3879518758454683 -6.3452893833819832 -4.4789254740943854 6.989715224967318 -8.1615282353307812 2.2607810447179162 72.154887740942215
13.737611242141719 9.692679686742542 20.712487240297911 -8.764528200077681 -15.098898325406676 7.0366594089384975 -14.927800628427875 -4.64599997019309 1.9500515517494987 3.3138560769401306 -11.390382967896088 6.7371536654719053 71.330570685244112
13.524063360578552 11.7724167148959 20.67583558553585 -7.9148767976474081 -16.408817523085208 11.249336357396444 -16.165524085348491 -4.2447738189152266 1.5608924506331634 2.1581399735573132 -8.9006612428368612 10.218779795028581 69.480627706295223
11.683839448254167 11.695081982838108 21.961577888152437 -4.1774884037857634 -15.856182136960829 12.573999501159552 -10.998464856856138 -10.716192588992836 3.60305918469444 5.673536445562009 -10.588409078661883 5.0723198881840679 68.336476335017167
10.898191975071503 11.17959180882497 22.105777911335434 2.7918610681411433 -14.605277948771777 18.626962303161413 -10.699458257468823 -7.2000808623408092 0.64964087565637607 0.75554670693587267 -12.840415362077126 4.7532624709729223 65.494763718088834
11.965353164695173 13.115779445065352 20.3478080204224 2.7188706090244867 -10.867820510689203 13.741217081202649 -10.400219862531507 -11.413478029811461 -3.3311381176168586 6.9730241315994226 -3.9015866238922032 7.1627842085928259 63.405624304225825
9.7935828262790654 11.690942069938847 20.699376463994646 2.6056799327506268 -8.8621218049206743 16.705405826088139 -0.55513731083551343 -7.7123811577146624 0.069762715610826975 0.84763769518519483 -11.064980110716087 3.886782213437884 61.875295440673064
9.3064361420119042 9.1529188990505546 22.233987609169265 2.6890648054480537 -12.013646310259048 17.398847518339085 -5.6689195127466734 -3.9483190990932129 7.8749288404565014 4.96492388136389 -8.7118398061698326 3.8492835975349569 60.139745042116346
9.8819218770918749 8.7314403713326829 15.070969992543558 -6.1540311623210817 -11.718952934048104 15.748403305894037 -1.4546764349599826 -5.1700838794537569 5.2171734874271927 4.3659369291547749 -5.495150389113566 3.5075055571650355 57.565614019275607
7.4441244677146861 4.2574346881036105 9.00679912790577 -7.1167269284009063 -8.14064541011429 17.505763753653927 -1.1372747414784257 -8.0750143157590326 0.701576003109206 1.724958084067358 -9.1986977174316173 4.1417554855462635 53.6244969235459
6.0678919123200812 4.8018683551604129 6.1743724436544838 -8.16222278492036 -2.7789001315933182 17.730673808851723 3.9656197673928251 -13.948213657249211 -4.3906083810592209 -4.7574761250919755 -0.95062317630781679 4.6709520511675757 50.503655835943768
2.0918700446318272 6.126153719393435 -3.3250085360442747 -9.0897205542460977 -7.5346749413813781 8.5536042711924143 8.122554595296414 -4.6621352760230019 -4.3280289570770973 -6.8015402708210564 -2.177510637441328 0.37336923611354 47.33970326378558
-1.1087004762158952 4.521002973767426 -4.70237080679985 0.60184675501270435 -2.5318622391948598 -1.638169697649833 5.9173766387635505 -4.4974315246438179 -1.5572103980740515 -0.44937399340353451 -0.087174673023502347 -4.569959641215072 40.559047383848331
-2.4330832476879918 4.1426487898437339 -4.6233284906989436 -2.8471116729138526 -5.0323445776843156 -7.3291344662842342 -4.3142402313077692 -4.6044366219054282 2.0456687651552894 -0.13487716929152857 -9.5113125511313772 -7.0606061981542529 38.151655222363615
-2.3579470054857392 3.7367790303098838 1.006073768019434 1.7839430648658956 0.78581808885818638 1.3651783509875652 -0.77156052413418164 5.7754172988966967 0.709896087866459 -2.0082455572078617 -3.2455645764036221 -4.324313987069786 38.928648867995506
