2.7503249038528925 7.4116486745905767 8.2745267577327244 12.303041394905053 5.499051259223835 8.1930187720657255 1.3111366529483055 5.9267371703685452 3.1964774748675975 -2.8153854661414237 5.7536835539163516 8.115303145347708 41.239818631829579
3.4279605594168272 9.8350857993815541 7.5245535584382308 8.578820571446224 9.6623698550769337 4.768816997073162 3.1591879778817753 8.3711843059849045 3.6941465459453378 7.5449408272479284 0.81075575299889 4.5958058881181456 42.082576936285911
3.3751772961806865 8.9777206767999065 4.6276786762726587 10.881886276998939 5.2196851904611163 3.1674190674462315 6.9849247225566229 7.402604350538776 6.6319382129860642 6.5238530336453167 1.1893681741284781 0.67611792553452854 40.671052102212911
-0.86670851850421737 7.9268843611213562 8.1862336633393227 9.1371934019265932 10.830603980252516 6.28142167226528 1.9568831626533889 3.6169250742991514 5.0647697455686833 10.313814818336532 2.2829795050025044 6.278237996875311 41.689066441364318
-1.6264144324619403 7.09970536420413 3.3787344332387019 3.566990302186436 4.0011512143012675 1.4591711841610167 8.25676077035688 8.4989578199164075 6.1607797836082518 5.6508604934844735 3.8053494657010805 0.329524093847992 40.750368644436513
-1.1053808667605753 9.1815261681680234 5.9881787247854632 11.223775712582441 10.821699219216617 -0.041980555806617484 8.8388998971221415 2.1594613801933189 3.4957427334647635 11.063006995143603 0.40639606179021293 7.9391086692647548 42.947058497220652
0.75795341662924043 6.2915810445937828 4.2775234406883289 8.82071624521375 11.285287118168611 7.705722168038962 4.6656327302902323 10.152888637275346 8.5189263673429085 7.22542131039644 10.742394733040689 3.8021218001906907 42.536395530404874
3.0426421289885139 9.1480376125492171 8.6293018968931978 9.0007755012698354 5.8017652998434412 9.144038161803989 10.408621838962695 8.4205079242567873 8.8681172715845058 9.5062383158695756 4.4417541112799466 6.6185405341364909 43.459038722132476
6.6411105492876477 9.6065662885784633 7.4879272611793191 9.80202617893328 6.8317838930151789 10.984019954618995 7.2413760235656284 11.590356710876859 6.5467995188379051 8.6742887987381074 5.9333823273579762 6.5499546824312347 49.76000446496429
3.7953913329852407 -9.3713637774216814 -0.94730314474474253 9.322266028169528 3.8183495716024067 -9.7477168679792339 4.9551894692775509 9.9779686995809325 -4.042452655089865 10.35469475248242 -1.5779514478801113 3.9255310627147044 79.422573927893822
1.8926689348339405 -8.1650407651747621 4.9162960323882405 5.6203575212668895 1.1336169722693898 -12.264217732559281 7.36413013426606 9.7537126702988228 -7.6080485577277992 6.3101426015076161 4.54288951453683 1.7945754498697279 78.344088987122888
-0.751193445981087 -6.3678520104895124 8.4502430122941359 7.19458727826218 -5.2946279770169893 -14.340741799106514 8.7190043040251446 9.7886147429739321 1.52008493407545 3.3170246830086887 5.0715735853913335 0.61370112003689214 78.605862483443516
2.4524596693670673 -3.9218665824454439 9.3714865814007684 10.36488199723029 -4.1968949012602632 -14.009150455597981 5.6226016841117454 7.902696934433334 -4.9281429390852374 -5.3291810926033234 4.9223522159068143 -1.9355769851239217 77.849712976866385
8.6062913183317917 4.3256842255728936 19.039268237896568 4.3032481374560154 0.81894358531341416 -7.5090923353596564 3.6875754056239707 15.232786767164429 -8.8987065681697661 -0.40956532729370204 -2.3768039699153221 -5.3268954844154663 78.085406599869827
15.290342959571486 0.4133136536239011 12.374478108639874 1.8725647041850355 -0.41458172632145435 -0.63356531290128859 -3.5630831839155146 14.2836156145734 -6.1830707518020489 1.4886934403554244 -1.1278708947064948 -2.2121836676102204 80.32304120703013
16.587911809991805 -6.9283028708730363 15.055623064970916 0.024655737031020874 -3.9372615908655835 -0.16865482138790897 -5.6586243657448536 9.19392386299063 -1.601570339796514 3.977176561403426 -6.22798585570456 -3.5653950675691037 83.150056715184874
17.339843157536944 -4.7820531021188151 17.081530040235311 2.2696043848665588 -2.87624218681114 0.8986274657152411 -10.808187124079188 3.6596083537450816 2.3892236511915779 0.53937824206432583 -4.7842917871583612 -5.0435268489117346 80.007364190393687
16.292145115151719 5.9242127504382527 15.688229524877343 6.7397711445701916 -5.1833034893367609 -0.11235049206982974 -6.3331904724424462 -8.7141619764382288 -7.1523605287234036 1.8491181030797186 -1.2121209767245418 -5.3577214148256989 77.727017055885128
15.590488808622297 7.3594357183775987 13.833921710692978 6.6499320026168638 -6.6155837098340395 -1.1863329228514652 -4.2312740611527682 -11.239282790304612 -7.4373440242363476 4.42498537417243 -1.5194858385406054 -5.264186120454978 78.124558592624084
15.092148123274157 4.9136753616247413 17.961286861954932 6.9572632209440215 -7.3471826598746111 -0.0072449015264038387 -6.8351879897549672 -10.391311793669392 -7.0653570548006615 2.5657576730245149 -0.76142722394393791 -4.7394901996855481 78.553771305505009
14.430117872502963 6.1596614964845182 17.299641097813385 8.48402615154317 -4.6853518140413373 1.4421454818796366 -7.07423115774027 -14.33886644427349 -7.8954685992097593 5.5751322022281569 -0.96017746970428508 -6.2106709462160588 78.367762921461235
16.929181271196459 8.3547775590536162 15.357495592205158 11.664865264540389 -2.3201570166153918 0.2389808876092023 -4.0582237738475424 -15.515239181459743 -10.089024658747753 4.77854091195018 -2.2815906664875385 -3.625544622410132 75.223526303730921
21.024722586073814 10.592896929543537 12.626900923804612 12.006960592565738 -0.31848145595784916 3.22099107213155 -0.903426113405763 -16.203692944698989 -10.31970619427929 5.779098339055321 -4.9188723571157418 -6.9562346428268738 70.988764211629544
18.331690965768349 14.282495822213681 17.617523080273862 1.8544984183951716 7.714212655176488 4.0622619290433395 -2.451517292951567 -4.8798921185108091 -11.275267567136712 2.9527050724609718 -6.54919636291784 -5.8628821391691979 68.011690234857
0.70030007241646952 7.7117703322326525 6.9211744409528881 2.2785093629604978 14.920743316091995 -6.7551399079049119 4.7360352351473134 -1.0812108930756505 -3.7791659156331967 -4.719181255005064 -0.088972551138358225 -3.1284910272142734 77.7997204952966
-14.7409841336097 13.99219675455762 2.4513009699169466 -6.19270732477533 12.79341108740973 -1.6917253189409367 5.7268817430166754 8.7224427268904083 4.8825129447102276 3.579902427542315 -0.12743182138494985 -3.4984769930285569 79.367608005053739
-18.476182732269947 13.569058974467465 -3.9771023912441623 -7.179903129377248 7.6421722509518268 -7.5427350509917579 4.1354134076355145 10.654464958399842 8.7474170414046526 4.9212498537950706 1.281360056784167 -0.5489803899453336 78.640193137782987
-23.278548063359594 12.082604222537968 -2.5283279961409026 -7.1890065423187819 8.3031582079100463 -10.779012143618344 -4.312202903757969 6.3633625307169295 4.2726036122952813 -0.48393570221037591 4.2933093008555421 -0.78609670366812 76.242178687704182
-24.669870703909243 11.887565223470112 -2.79573244432603 -6.5245757744157684 8.84983817691236 -9.1376838535296816 2.2607807757832541 2.04994758204341 -0.27906882713358616 -2.8799381898212215 -2.5546257435790443 -2.0788046202312809 75.698532781059484
-18.43880416296852 16.596707681058255 -0.038514581118195584 -1.6768299198897023 11.495536560870555 -3.2140047608607585 3.9331889389003236 6.6223072278650994 4.1340607110909575 3.0582845475125993 -1.6799675430029204 -3.6485905752188037 76.0389268694452
-22.159614464619121 11.818222227337218 2.2312712572683937 -7.074718864055443 5.97418737315856 -1.7508475562732395 -1.5797344674703528 2.8121915890622673 3.7162895568607945 7.3223208249760381 4.088024838446179 -3.8397271118149949 77.093813771654638
-26.222854292044889 10.327252258590525 6.38694078666394 -4.0257706646088414 11.533372158126895 1.1005393331852793 5.2433460653578532 14.871741004311955 -2.8846426901920208 -2.9234189190564517 -2.7027285970876989 -9.2771843160779639 76.2170389279355
-20.596743612012034 8.8659406429036771 3.58421168758528 -9.3378815249189735 7.0541102467493273 2.2863342805861766 -3.3158359139802607 10.304888378849883 -1.3951777097403701 -3.99381314361716 8.1294148313664074 -3.0504355566707528 76.919111393640776
-15.21883919058126 6.6422647778273287 10.256964173437423 -1.9661048610592344 0.920644566658978 5.69716157955862 -1.8460323379389323 15.237961478532771 9.5032093524650421 -8.903746337261607 -2.812896041311955 2.8473943757967208 76.257952389724849
-7.9851559422953153 4.95913095618683 13.3817813604284 6.95380864128194 7.76133965756224 7.4920463438022074 0.094030221345731718 3.8367559182126834 6.4430179196506012 -3.0201764339944552 -2.0302683406312863 -1.1840931460836612 74.147279398162965
-5.655527845727276 0.72724786611454117 8.8421005641924975 7.3894401961989944 7.6483281210621934 5.7226246310715174 6.68280276834997 6.63586870232733 11.100498629687266 3.8207359027685506 2.7607211550574529 5.5151232445174756 67.152495795816236
2.5412415738582954 -5.5823842842171842 10.18148488669932 9.0984504532612078 -0.82877755957411248 -9.5538828596705869 0.27870693198025631 7.95754167544404 3.6312843138913906 3.2013462305503082 4.0934728616738916 -0.79839023065012815 72.713565380533808
1.9084172510148745 -1.2241212528618692 7.3287807449618221 3.071954989587248 -2.8942270550781437 -10.305705884956314 -1.1105448423700035 10.874308492677299 1.8996147881412113 1.0434715266658128 5.5735789973092373 1.9523013601086354 71.927088325879424
4.628910262417496 -3.3667343970581443 7.2952047189729514 3.5411012295173441 -9.31479363811967 -11.663127462428937 17.349329969718713 19.263638993298411 -3.0257666967006589 -9.0860402479575963 7.8097912351859531 1.3815497631315043 74.8514890597119
4.0190262277898583 -1.7472204385208607 11.1982294327046 -0.90892941321614373 -6.5796468282266778 -12.43282892199398 12.548753956463747 11.239909472177533 -11.466849183380058 0.16181945264196015 12.755768257045485 1.7185543869802204 75.415090750853878
6.03563321938908 4.403108607774322 16.439492956946534 7.8470716521011825 -4.9548138742825376 -7.9490016740144442 14.481472948642486 7.1578142509240283 -19.442680306107746 -3.4215618258619469 2.1372192779177492 -2.494723473194103 74.2936194595536
12.30551847933995 2.2568766955113744 19.185885384232403 5.5142896600894389 -7.1705731881183112 -2.1074648830700773 0.95636579875622674 7.645093290794283 -13.717191443998498 -1.5412119725221365 4.722419304437337 -4.5174038575895841 77.712506720166772
13.913804434400188 -2.7608437779271884 26.04755490661471 7.1106551919932537 -10.911300797287319 -2.0450101163299066 -11.12621483155819 1.4079063663399056 -13.775082855725058 -6.1750887747529006 9.5213989290187317 -6.34650231959309 79.985143579365626
13.31999480833046 -1.5784630850759276 26.851863142697972 7.8748502456718734 -15.4442921757996 -9.2686205161431783 -11.18739446753807 4.08836192320255 -11.807766478186164 -11.275353594497114 10.070164750326581 -0.73090261465258743 80.093991403652453
17.191293919395548 -5.7326296574059779 28.749540399171092 3.3955255704785663 -18.401732762468193 -5.9672291425945234 -14.248530897450403 7.7470300972457027 -10.572427555548879 -15.590988883068365 13.960418325746598 -1.1748338304668384 78.628470205110943
13.002939888560938 -0.5387855356224942 17.056831496587694 6.6406245585018491 -13.335584991681422 -12.348177862299414 -10.381377639989305 6.6481892485768652 -9.5771471060825366 -14.928219651988906 13.146100900028991 1.6767972978407359 81.512664292617842
16.873735168768043 -8.8039969304603538 21.591343650848184 4.4133554795029877 -15.742274882771678 -13.850384551086181 -14.221618719027406 11.519625713002453 -12.045363223216171 -16.732880934534009 17.392054204890563 -0.35369987186517843 81.027764846284171
13.567506703674153 -3.960565383329838 14.439965777799411 7.0964944685927875 -14.231591663490406 -19.836354511957733 -12.919399897586759 11.224852954220317 -10.019398692604113 -14.464712163260883 16.087240867226718 3.3260546982440764 82.600995039309623
17.094623291297072 -7.60209609259492 12.65631517919728 5.3821055925914685 -9.6687488346528916 -21.5537922326552 -19.518811283235731 15.961420413710927 -4.6777207789339714 -11.482667318080475 16.14406449201422 3.4509730972175725 81.052012629293657
18.556846006197741 -9.4199580689300557 9.5353469926065024 5.1065830862924768 -1.8902781776574422 -15.460202839517944 -27.316826513692469 16.501368255909092 -0.5229131152760681 -10.34605353442501 10.389317116799889 1.5111171841331865 80.538064504485448
20.653889395494105 -6.7972444564226242 1.0369479677902336 6.1098311883512375 2.6243323561276082 -8.7674796729571067 -31.847396942236159 5.206973837550577 13.589156700725113 -10.662883935937444 -0.26709651929326222 6.8096307367488151 79.397191304359183
22.990027824861244 -7.0222282077384461 -1.3838738406278794 6.3626830582770362 4.1435912985014252 -4.8568519983072793 -34.459002189664389 2.0430685892384246 12.487497214831215 -5.516003334951761 -0.64359279380592127 3.5533197596770472 77.989660961230669
23.644680029500304 -6.376631967117393 -3.1072512121677316 5.4600562214024562 6.3578855300199724 -1.7493347321316794 -35.482828937910853 0.12639705736225731 11.995427290438306 -4.7518066230322047 -0.28915316065811836 0.5031152399321257 77.225285025851562
22.382536453331841 -3.655688135343155 -6.8551245877416411 1.9462419062328153 11.317670433630141 -9.4675135241052626 -30.220525330470227 3.98075214190198 10.091616217349628 -3.2206154162763343 -0.10372354773456403 0.25260272654687338 78.079733768015544
25.455893410384625 -3.0624745584438395 -9.5923717055982536 1.6264254025941567 15.129619061891596 -14.328593124013265 -27.495313702975562 10.155340144770753 4.7967313013959378 2.432170280318191 2.9276752645405137 -0.03841425608756039 75.804501600685484
23.407072871518672 -0.77384912149126239 -11.262584835201128 2.3887845765457807 11.467171328685193 -10.516626291466151 -20.087312322988463 4.539632587315432 9.7396552961617076 3.088818876402498 0.65186564433374261 -1.9710653218552732 75.5642276333965
24.969076678017331 -3.5153695270534349 -11.983046796458897 1.5183112147610085 14.109141016681045 -14.974950702531133 -22.40890487306951 8.0325379907896277 10.820614068335793 5.1303335953120115 3.519800938150103 -0.15454677748499904 74.170394597676179
23.001562943478167 -3.2345072652746509 -12.012189197446142 4.5903743566040411 11.836726421601691 -8.6875830230837323 -17.288747271023318 2.9842644538616061 6.9328297983824259 0.30623648506265044 -3.0667919691318928 -2.9831744440012731 75.7956593561447
22.529306379050222 -2.8763484288500196 -4.1337692539651778 6.5945292489370679 10.288631429545735 -7.3511748402478334 -29.270331815679679 -0.591614409588907 12.086888213867393 -9.42555124574698 -0.42849164171272863 4.4510864385940856 75.882559736747666
20.523898453924133 -4.4689461194260485 2.4083989529479441 6.3009087453758115 5.8337687708912656 -10.724796338958608 -25.586105615785122 8.1977213537165809 5.6297987324206424 -13.031384287905704 3.631152194074716 3.9983376079075539 77.802606030140012
18.750490074145816 -7.1869813160730311 12.958123873376135 4.0890414885949973 -0.69372551398686577 -4.5810395457444928 -22.397616354085294 5.0659236392323779 1.601786194490403 -7.4975959078057812 4.6260872639479693 -4.5610594647933 78.6998457063298
17.346113068113805 -6.2687850639193217 20.994309472313908 1.5116151476819051 -4.6125454637202736 1.2059717576379527 -22.135184823125062 2.2071708842647748 6.27164331206053 -7.6029969479202473 -0.46065131680192606 -5.74705534825737 78.160178879846654
15.036989353951332 0.25647138475407727 22.896225864552491 -0.657006021714955 0.56892458298866777 1.6177049125130991 -27.424513721332417 0.14194525992733256 9.36906785377883 -6.3844438836316773 -6.5752861244160794 -1.8795258801533765 76.834184125890758
11.655317089128552 6.5909418546794027 21.413000419675427 -3.8824387334042121 0.29362617866272134 -4.5407548792793886 -17.977887753919962 3.1299835257898221 9.04081786189065 -7.4171765831411811 -5.3259610825259625 3.244913817768976 74.5750811999965
-2.7128014245140029 16.101583928509807 21.27456002135694 -5.8364545836524293 10.712264487035348 -10.897406452556849 -11.085267419313004 2.5949404203091455 1.9446096872236227 -4.3796235507984651 -2.0403546880057242 -0.7964133141307107 77.573351213151255
-13.105765695073657 16.206548800298471 13.720640611705786 -10.786887540986944 11.694705558768785 -3.1357392483255686 7.2097757258762618 13.897900534629994 -0.017293430329999245 -4.9537141876389859 -6.7661882568675935 -0.67528074384144143 77.587306374838818
-20.289808638444079 13.203065141799774 4.9323278993810824 -10.591673653414162 10.159784997443941 -1.2738698844198642 -0.87099733774965982 0.9708080304033091 4.7038559053337 -0.053974332608191761 -6.1981633006118058 -1.6677178512043391 75.8485864016653
-24.392222529491178 6.4018255857456055 -0.66052260232986626 -7.7095561498140572 6.4072184051931016 -11.180169326462673 0.41402405718047869 -3.0935933232870316 -3.4073764620732971 9.8193555733522313 5.7252163170809585 2.444496045336495 76.854060891758152
-27.2045752349185 7.3473800964977034 -0.61242392042917981 -11.338889004975002 4.143936763302718 -11.46619699106787 -3.268930275835106 1.1979872683218502 -2.8959243183404633 1.0766034680462389 -0.92159950505616917 1.509300582041958 74.386703452644866
-25.588109019170872 7.3721824121445 2.3252411233997519 -8.97890414628763 0.23390566180294958 -1.3063329961669836 -2.3686517898228927 5.18428599077899 1.321776603935414 2.970526601561478 -9.4460389376430385 -8.85332396912887 74.512528846579187
-24.656749729060877 10.774009906302934 5.9311079082563669 -5.7283406378577633 3.5087819402286002 -2.5169847296860359 -9.6609578866578 -0.19628574326506915 0.10285083020961687 5.55592914570289 -4.9142406522751241 -1.1053443637260598 74.786169948257267
-23.574081257591711 12.222568614124702 2.4421428502497995 -8.853790543019981 1.3384250350332374 -1.7701326480968604 4.1420020239294786 -0.27857494721019571 -2.6370944931675195 5.2048267436208233 -0.89992905306137816 -3.7296066943938957 75.607485333335561
-23.237425855726581 12.500189146610797 0.923605601434626 -5.9095039485673135 16.882663561166634 -4.7498742945486345 0.82973070887252454 8.2730913357754776 3.54404511058552 3.4606085455127817 -2.1581037770263141 -2.5961999318122335 74.9160431016667
-16.002206891165297 5.0729027894133836 3.9913705687786361 -8.8795081592144118 9.805503932744255 -9.5202779948082927 -10.103744009320286 5.5388109227402547 0.33912812943601489 1.7445267154027777 -6.4969566739934113 -0.0043583765238617046 74.293438933732929
4.8475605319908484 9.4932699944793377 12.84694683203713 -0.07556878923973083 1.2770039260410706 -10.76752720239571 -12.664823221189996 6.584658171139492 -8.3826039464414777 2.1478505626737578 2.4935878670403038 -5.61348800482825 72.822150968143518
14.396598958504951 -3.9021873977645889 15.642264949861888 -0.544061133375635 -4.2820726776555134 -6.5705669238364663 -9.6612993903345448 3.7848088993067073 -0.48294192969135458 -2.3231934162155294 -3.1090794880215666 -3.030834670709265 75.843298154830393
13.984717581777582 -3.2897594602573439 12.228801809358325 3.5636785523316168 -7.6580687500997158 -12.203696152703177 -4.1283811819524132 3.3359267862769215 3.883762058348657 3.382102044679606 1.3365427961496421 3.6497407311537233 72.497214514567673
13.284703389115695 -5.3364947815923891 16.741543244626769 0.48100274558333672 -10.102403977934957 -15.728460021306164 -10.45244911229878 6.510478631498775 0.93653488992487455 4.6649260642423895 1.6392486437243179 9.5388011258706253 71.5679370550672
13.363892112161588 -7.9528253854378 22.243808600720769 1.6824961870173465 -16.800644691599341 -8.0442283391248548 -8.5966206542889712 0.13516901609030854 -1.4833006548447596 0.29021552047191851 2.3567780285635882 7.6593778344147871 72.269588672990551
13.967354771472337 -16.741808344046905 27.144288865896844 -3.4874134920913624 -22.044891111208774 -8.93699572437284 -9.274564975426264 -1.6392415894218764 -0.34246995386137608 0.94260472451419164 2.7582688338962149 7.9827297525419834 74.990142873384414
4.2705424024786121 -1.5434460653476541 21.883875585464089 -2.952363985170114 -12.842347943341847 -14.188082750305075 -2.4292089448549272 8.8168246599813251 -9.1542203817271233 10.910264400046625 21.077453895408681 10.463391102351402 64.137679505201035
7.5396447360953314 1.7535263110694821 25.589586079194998 -2.5594983615354958 -4.8074497075632658 -10.274681913658176 7.0943582758315831 3.9878704831882881 -11.351507502397514 2.9609953603074146 1.6914020591106214 -3.807038064597533 62.916632934747177
17.365332524960969 -8.82742448652214 25.256523167143822 -0.39154530084726691 -17.144957932237713 -7.9326951293519326 -2.2558574596464966 -9.719444626381808 -7.65598178867471 -3.7897456428606136 5.0135628370786733 -0.67146152495346179 69.716598401165
9.0934425150036127 0.6273416123805815 24.354034310130977 -8.9248449786439519 -10.825675501116283 -12.817106054357078 -3.8910056413401128 -8.2989154383601971 -16.318537847509941 5.5801786356256686 3.9617598136124363 1.1435502369611277 62.565253074531689
5.2895537438837454 7.4783934011473585 20.852523873147629 -3.6573628032057059 -19.200399884052914 -8.3592201754255591 -6.8096942856869465 -10.028408374375381 -20.528513584500761 8.407477454502283 2.8331625035687953 -1.146093302556948 62.0462445973456
-2.9913105191716927 5.8336873057536307 17.684566081079588 1.2544621912455054 -21.938727149324219 1.991899611346998 -6.832192660841935 -8.6040751522727863 -15.362266542912433 1.8600206363657497 -3.1626359114872171 -7.3491903917845729 59.09748517485049
-0.31036554415699469 5.6298609933861323 16.284052825903295 9.2614363871205558 -12.895714778947326 15.962276203776865 -2.2867034647445297 -3.4525469682172729 -4.3978915238182807 4.4204201797714218 6.6730869885052089 -3.8319613135018527 60.576145220540724
4.2561931386517724 7.8645220378960969 18.593704236517478 11.251226652391894 -16.141671073293065 16.087021993299771 5.6459754923001153 -2.9898169610629393 -10.516669432322864 5.3006250447424357 -2.30473082546962 -14.081646263980781 60.676345431897865
4.13012929676302 9.7911867025000614 19.478675022550316 12.671679271716625 -11.503869525277779 8.4538240690421116 8.569567217585826 -6.488960759718621 -8.5781063239440734 4.5312900794165323 -0.30372635173667317 -5.7967233024296752 61.516176094279849
4.0882720941331492 9.4427344641242428 24.037048124025244 7.4724745027167252 -21.229392722200089 9.6348904468831957 16.577791638536088 0.75519503693865964 -0.5829431110097546 8.6958551429871918 1.3832060455468367 -12.235549065282402 62.735027519002806
7.6338657530800127 6.6049721604100577 14.677885249842275 8.1100510651649813 -21.908032223205417 11.331446066171637 14.010299953481915 -2.8173538178797068 1.9927399057524724 8.8432710806255024 -2.2528049729616759 -4.1806211186314171 62.668556752323028
7.1444517079299672 5.8370034270549738 14.936071089335524 7.7404089887107279 -12.692679103215019 13.96314058856963 17.014225999590824 0.25804553004508912 -1.9097155914714889 8.6677347708954429 4.4335579155411047 -9.3615119528170911 60.9843007267453
7.9831445560097274 -0.26015888482597782 10.490629544943518 6.6138072471025673 -12.419310113931399 13.803837815316658 8.871929203121228 1.4143576400876179 5.2690209638709282 7.307598807548521 -0.4524569098445933 -6.8239571492088995 61.015833662293183
6.5396807374993484 -3.923366838353985 5.7246229580983368 4.04839778351678 -8.5336101041675789 9.27762403319314 13.872723309090738 7.2756792331102824 5.0652615718249976 7.8996494699103055 4.692390710807997 -5.740618652585268 57.388036778488626
8.2466159658348381 -4.4426617327566413 4.19272849240953 4.3240461374314041 -13.01867573741934 6.6868208814328263 12.447180996839126 3.5516847883757414 -1.2728457772315787 0.24916945380448369 1.1971355599995117 -8.2812808574695982 54.985592346701935
8.8781028547202947 -1.178794278619165 5.7180278796893393 9.6891338759138375 -7.1438686692633171 -0.46083758597277452 8.926442083071688 3.8592976302079682 -2.8024531716201739 -2.9378098246068802 -2.3727785988981189 -3.7791604804193635 52.627375516719681
8.5740883688577636 6.9448461257288647 4.9985249760298487 8.82470926498255 -4.9724738022755623 -6.6246360387648755 7.34839207009425 0.497676026510868 -7.1264801309105339 -5.4782148556079351 -9.8034526695198387 -4.5117202450239757 49.435556614278831
6.3494506673133744 11.254787774754966 4.9720069905263129 10.618469027742719 5.4240610813268537 1.6765019991839267 -2.1675581977462763 -3.2877350786597037 -1.6737617208586442 4.1368363380104283 -2.843620381387082 -1.0215488193446303 46.338733073858833
2.420649598683974 9.4489301974103448 7.0757208211758584 12.236195127597556 9.7378364341411885 4.243135085832991 -1.2997934629987258 -1.1413631332147438 0.83297896039173047 2.9274918517537567 0.69120127479685145 -1.5750096713427026 43.703542096998405
2.5300896759277824 10.158011373954196 5.8715861626444346 8.2076497837805444 10.136455929818194 4.7743291099124612 2.6131004977789836 7.2140332768534465 10.266524946392911 6.2362919739708813 4.458215846435956 -1.5968985485812734 43.040832168899591
2.1945929812597456 8.9886369889316349 7.68475068679902 8.232212163927155 8.5223627236548332 9.426037648231782 4.9884832365017342 7.8382304328228809 3.2804024733014305 -1.8620832636452913 11.237393995135346 8.3246099593418581 42.205545597432739
1.9880819812633643 9.42568404130323 7.4561457349294713 5.9118331295575208 4.6391759664626688 4.2727643736368286 5.136839356937684 1.5359128730311717 2.4729611943802348 4.2731612035328128 5.0068599466577979 5.3746971086529092 42.069410527625443
2.9235093493690294 7.5095892519942469 8.1154430715022272 8.157486011276438 10.179330104146439 7.6704030333786593 9.9215755067481144 8.7198375416177463 2.7678689958133189 7.1189108047863625 3.4254509382350848 4.2118604604039289 42.249051285149108
3.630686809951591 10.214700981142142 7.3335648892499332 7.6836252621087162 8.2958536981773 14.004975469089675 4.8071234381257337 1.1738602483112912 1.3877325768234121 5.0548498307567789 7.0118315369384838 2.079662830575487 42.355608682397019
2.2631042245663076 10.571504996673205 8.97810264107033 10.035942924405806 10.388618536457869 6.6229175847195734 -0.32439970921767636 2.2373219185181914 4.7577964126687213 2.9842154041199667 4.6622468345445194 -2.2905412874562674 42.198576679279562
2.1330441019597504 7.8212938390784554 8.9933479556152509 9.6233063842641258 8.8162638577903323 6.169711153321467 6.4331380988121136 4.5845070907005523 3.7309659908903439 -3.2078317535954537 -2.0596038079640042 5.6833767541536968 42.938862660877021
3.0839429507458327 8.8582839199717238 6.79325228183893 13.213275292390819 11.413409188614333 5.5489964426345963 3.4909524185519047 2.5002423566978864 2.9087929964169636 6.9936198205777016 5.7164897868218834 2.2802506223928733 43.033850595097114
3.7136443937034813 12.182101899102397 7.3675804660164346 8.6245728686178786 8.0156271820315936 11.673272809697416 0.11394982389152131 4.21245333171804 6.5702769003814057 -2.6722831763905308 1.4593330998649976 1.2681653906690527 44.247769164433457
2.1484197660868252 8.5074516321139182 4.6371397870946183 8.2716196293872546 9.3729834865411732 5.0623247416317332 2.4191886206684896 8.2225112156517017 7.2521691013145881 4.3650612261283346 7.174461522749251 10.371656207056349 42.437471042682354
0.61404128176913164 6.6570375506066375 4.8632766383225583 5.1987194449187211 6.0823538470376475 8.9753963756873 5.8172920119155158 4.141248691483626 6.8719827935888906 4.6118396673143183 1.1324696728143882 3.760721736831814 44.6896590566564
-0.23475628777189578 5.2929513626083811 6.0160028888578934 7.33226866223525 5.6798389163411516 11.069694552513688 6.5237716980727312 5.22843554597539 2.656540138683738 1.6709933233567413 10.121873202300826 6.7998881877147106 45.106295838984536
