-9.2662413704408877 1.7178209168188787 -2.8186841080514102 -1.3753394500027667 -5.0279983417580008 0.57758357861395127 -1.9018179614544981 -2.1379920425730448 -1.2146364209766478 1.4826380290949079 0.10549553169568399 2.267370790087587 26.6854023431726
-11.146626710560916 0.60405375801284744 -0.29879534852126677 3.8582825554316447 2.7978941438539842 1.1934610801809913 -2.4487865629052603 -5.5395056349896752 -4.517278910325139 -1.4212409910218133 0.999135426653835 -0.650802145245448 26.205114530993168
-9.5197478409413545 -0.12608754916257531 -1.246521854900593 1.5859096941623447 -2.7696497419952233 -2.2243002587555027 -4.5103246959567889 -5.7334325668877391 -3.3714952071566526 -2.0285503767454376 2.0604618845291389 2.1989251826339462 26.584333817412535
-10.976597560536735 0.81220225066006446 -1.4633298735836149 -2.7358738701889682 -2.2416545731113122 -0.091940074683752149 -1.6243064383954802 -1.6535895606636579 -5.172317213198987 -4.6711022843324095 -4.7552912984209126 -3.0789345179852616 24.882479174065519
-9.74023305111433 -1.5299573313502881 -4.7241727052731024 -3.736959335664976 -5.2381305019083388 -1.0505723967732412 -3.2242975369878817 -2.7936100701667272 -3.5029907853577891 -3.0866605362160779 1.1221343223307145 1.0871777509936249 25.80101359319422
-11.021074581821885 -0.53848618468351483 -4.0066963615391948 -0.6905023241854138 -0.99682552405836122 3.3109561421404763 0.25789333541229226 0.29937421698976463 -2.09694581621032 -8.9935181353608016 -6.1767598112188491 -3.5197541455933163 26.433399552860283
-9.06131329835228 0.5920632202301952 -4.764058314937647 -3.8416866205900089 -2.7980585304852381 -1.9779845812038739 -0.97937397670424164 4.9365278664117982 -4.4282196386036192 -5.3758829381017028 -3.7789821254278624 0.1343018354508804 26.425752231255498
-10.331806996102351 1.4644836554215721 -1.829541971862332 -2.6446727254119091 -3.3280796315503083 -2.9636156360143375 2.13742966846343 -0.82792861028663123 -4.42614085513094 0.67559977066199028 -3.726766931919975 -1.5569172868870744 26.4819046174906
-9.5706528805119788 1.3700638750170482 -3.7988661436544398 -0.17839803790022002 2.0847781086055104 0.78925476456394483 2.5877200608789233 -0.50136603726233275 1.7367642940344077 3.3788388905142845 2.1167473116700779 0.026850309328368217 27.112746754904478
-11.390000826564384 -3.7037459497148943 -6.2817416851981651 -1.3696238728832613 -5.4146743987611785 -0.37756917161047687 5.086619602073549 2.7886754149831043 1.8410225015654813 -0.92380456548575707 1.9074205127565094 3.0281258481461886 26.136890768475798
-10.447623584100127 -0.77241282739666262 -1.0854481755688241 0.64884601943084685 -0.24652790739808714 3.0037529556423981 -2.4389320359575186 -1.4343917971988902 2.7848529187134 1.6703212205585061 6.960805347256807 4.0998596730003838 26.26401421718051
-12.275580493172814 -2.9313805005335203 -2.9732317089652747 1.0576987706685961 -1.5454915158818634 -1.1960029045897649 -1.1896896813233622 2.808953737169801 4.4670034249445285 5.6190558412578611 -1.5367794340640488 -0.43721621416073786 25.871536714216322
-9.885959054904486 -0.91138643418038512 -2.5603635853447893 -0.3051744706707003 -2.9935288818470731 2.8858359853105258 4.0246466675654275 6.5163098447980285 2.3210096159948117 -1.7715300938320642 -2.6924475964495471 -2.0794683790324222 27.156050077203687
-9.0052266421762912 1.733166148670656 -1.5385954787816689 1.7218679942380923 -2.2696166067091772 -2.3280182485292937 0.1805211512237419 4.0860450472392245 6.4653785998768392 1.6162671805568305 1.0316162298285123 -0.478475469616642 25.953409341337011
-9.404753349955211 1.2306003631659164 -0.84335098265998476 6.0063165853032308 4.7692107845253622 3.06954297299081 1.2628266439064233 -0.742243084280828 -4.4664497686353117 -2.90455439631584 -4.5205916439946776 -1.5643694813098712 26.20741024245055
-10.772116983775899 -0.90071778087733856 -4.9333135923126941 -0.69338737568908748 -4.3659401768652319 -2.2985050030230578 2.1021068691136335 7.8154718086398374 1.1906619270486625 -2.004695558574296 0.556173329119823 -0.839787990208665 25.72161443075202
-8.1110592638233019 2.4361328756787484 0.55131898329041251 3.1572351649762735 0.27143481023707783 -1.9079305727705305 -5.9712412097294951 0.74857408100911194 1.5638901966049543 -1.1985802745299003 -2.3091735941676106 1.1991316669581293 25.940138249408687
-9.8405055104934469 -0.029513014198180219 -3.2892236336180094 3.0749361671818427 2.0209975295205966 0.758193676183005 3.2996838791723153 5.293210423340529 5.0396288910213753 -0.029786344655564536 2.0059737087077769 2.746647629080738 26.086429803516356
-9.259963532437375 2.3331628019703423 -0.278084612415865 0.37344378458920269 -3.1624032213961044 -1.6029617123315045 -4.2867918721483171 -2.6310442318821323 2.2263180656404371 2.2278743284806497 -0.68519169867633689 2.94521465941335 26.049664616316928
-10.695225456983321 1.3350848306841463 -2.0596421758252923 -1.3480956328943206 -3.4570528937499927 2.2149573331016241 1.0260454763203051 -4.2931235848848477 -5.0705299710009735 -2.5045410316579479 0.78748755676960913 2.1179869965100475 26.176907549984232
-11.320626435195754 -1.0630860979480716 -3.4892618956987929 2.0364583970490195 0.018336317861781453 -0.87388114382936344 -4.6236550237197545 -4.7463015585949444 -3.0494429588425644 0.38690293995195174 2.4547722565303585 -0.034286401044193109 26.4899059413329
-9.67423911680028 -0.32141417290157892 -0.055580323384755874 -0.50469067811215373 -1.9049467959927771 -4.7064659701209832 -5.5175366466377387 -2.301588321492992 -2.9921474365488718 -0.0609830270835525 4.5296586588497929 -0.098749888511408 26.181622374354898
-10.088413288931269 0.057477338287836875 -1.4157636903443185 -3.0165902987180155 -5.1435885045476946 -2.4252981653815704 -3.8541879242080928 -0.85289449502128589 -4.3848664144927234 -4.0563066090393045 -3.1289066294628993 1.3360837166702064 25.371659961633458
-9.7215868787213822 -0.73260590307965312 -5.486435260844 -1.1639189310144016 -1.4155503953142505 0.26180812342436149 0.524129415735109 -0.397473541367307 -1.99576311206579 -5.8741130335429288 -4.73538930133104 -5.6694091051149282 26.757843553983545
-10.610844568636958 -1.0923117003207832 -4.7584908080697339 0.63718681636982644 1.6938846491077579 2.3498331561638008 -0.35303185506529161 3.1785766753862918 -3.7927083997669073 -10.107653416871594 -3.4780468573136405 1.4177533957093986 25.82346274235482
-10.232555469381529 -0.45895477290541042 -3.9664270879859949 -4.7239388735563583 -5.1905183603904339 -2.81210327114043 -0.11870076814728099 3.0237458094507463 -2.1853323355800636 1.5744447488129547 -0.011535645819881368 -0.13459017283727781 26.183556434226993
-10.574707735920379 0.55075021443207151 -1.8968538618854656 0.28169840225903742 0.89213295799246239 -0.050342463709102434 3.2859542824269652 -1.9739240633158388 -0.92764409424270322 2.3682048866461263 -1.9012534331761421 -1.8111609112859712 26.555272750736648
-10.109500890331162 -0.9199580164666713 -5.3837702267607543 -2.5186723841921577 -2.7822580813901534 1.7277972100885519 2.1386189394434258 -0.33186749179945996 4.8275385511225366 4.8596186344001406 4.6640320437652276 2.0484061263520035 26.930066779509197
-10.970371144838941 -1.8929530992394838 -2.0940671169158649 1.2671408257434289 -3.3271943261363566 -3.4832069930783454 -1.9309154900778305 0.667464312927711 -0.44185568855492852 0.82064723205967027 3.4405596077565761 4.9705667691801194 25.859576370066435
-9.95183320691284 -0.0032981464430310208 -1.6928976682235273 1.1895333896834903 -1.8802842864728246 -2.4920435095843261 -4.5789528590570852 1.2608511493823873 5.6419731717786057 3.0210380525371106 3.3792385676676666 2.5978696681421063 26.491679087700774
-11.032521578454112 -2.0004973077712234 -4.528997806813047 -0.64383161176722314 -3.4268707908024032 0.504961490075301 0.47546339175011276 1.3935078061175465 2.5354300293752474 5.957934530116991 -0.93707545576455764 1.9244834439141847 25.852947695960868
-10.892294351751691 -1.3681763636338167 -1.5697251320382521 1.537318931273028 -0.58077130526406262 0.88808767628880314 3.4250755841671681 4.5410681521384326 5.239190001494304 1.6605739767138703 -4.779459716106965 -6.3635064662486 26.904308280482386
-8.7102205083371924 1.872406985241089 -2.1781996600984259 2.63992802756044 -1.701345807128793 0.65310903929124364 -1.3777502951555081 2.6679314206062616 3.3140045615073355 -5.0287526564789582 2.2439255950290953 0.88304572989919716 26.418998727568265
-11.247875373737749 -1.5256197067500123 -3.7017755020868188 1.3075498221915647 1.5946104480396628 -0.10110030219539749 3.4807617758982881 5.2732251189349508 -3.5498453683137736 -4.4313465154788112 -4.716732825309025 -2.2670531013833952 25.800678988594193
-9.2162801101259131 2.2093860024187895 0.32922026045865066 0.31751948023553 -2.6047015910404414 -3.644532347952421 -3.6398962636582057 2.7238621386191073 1.5995570087285045 -1.2864780368214737 -1.6367987009046279 0.95653586370610566 26.285266970728827
-7.4505572106486246 2.1402243468626825 -0.28313770096792074 4.967993929697184 4.3917305647034 0.12679948492969656 -3.4424555630393257 -3.4242544591110664 2.1457650641587169 -0.27201587127712074 -1.2091557036326053 3.4116561941598715 26.554400681023747
-10.624595481013591 0.17201031478259374 -0.52297990250985094 1.3739643787336051 -1.428599751789746 -0.70982265639429076 -2.5204809418843896 2.8513132060777089 4.0771122946795657 -1.3316900773782072 -0.16451711462251023 2.3552793244656134 25.573512390951677
-9.1933912887186064 1.7835693884534176 -2.8315228000590795 -1.1338711593302762 -4.8053310272289727 0.35935844553871749 -1.7588580922677222 -1.6745872811812361 -0.43560882123008093 2.03240874334862 0.22399488406339629 2.6836597096027091 26.647373499631637
-11.0740036902297 0.78423699360648869 -0.37035862539503545 3.3723144843599995 2.4964356436527635 1.3932686234929255 -1.5502043476237093 -5.12822460987446 -4.5385441699650384 -1.9854897645592346 0.781570893809543 -0.31172512758665932 26.155232777284709
-9.7104189460584269 -0.16358778662181075 -1.683789564516627 1.5904921320788603 -2.9251250574651024 -2.0862723591872361 -4.1314650757507492 -5.4857996595531127 -3.36319288419845 -2.0761418043611211 1.620795459766782 2.3837100699783393 26.558600440731631
-10.861802176925831 0.82490950843218869 -1.3336217810563258 -2.2615190198319004 -1.9374936344344162 -0.41828485458817993 -1.2023550272019417 -1.2144342486034017 -4.8272693266463582 -4.1627270707021617 -3.7647182735029965 -3.0267425022021492 24.970063284671188
-9.7812426126144256 -1.4528908666540614 -4.174030702832769 -3.8548074041394438 -5.6263376602702415 -1.4189566287940036 -3.6408709313682781 -2.8641534705949807 -3.8504998796368941 -3.0881645035880148 0.95129252296911671 2.0521794061103509 25.719340424528017
-10.845301288047303 -0.30539804655352093 -3.8279304886046495 -0.75212295648407179 -1.0504640322570029 3.0341836564532589 0.28451480974830862 0.2332236576800224 -1.750349602658885 -8.5285549929996911 -6.6158691384920036 -4.6046462712151044 26.621389014148075
-9.09791279594759 0.46753551704222063 -5.0381629918958764 -3.2668217378641127 -1.7562558449129866 -1.9129473597865885 -1.0627650895016505 5.3538809590205458 -4.8502546841240752 -6.3972582858386788 -4.1833299867302536 0.30918800367712573 26.366499484880261
-10.319113071486633 1.2874592128073534 -2.0422750829831413 -2.8675360185727841 -3.5878350132246215 -3.0102463972639466 2.2738363706118907 -0.40615928678778596 -4.7146277985666769 0.90627583567906089 -3.0840990378899344 -1.44853263416139 26.430816847659582
-9.68550890186948 1.2452508889731662 -3.7196545485241965 0.20734533538140262 2.7806185368690679 0.99438607256195977 3.0510334619269406 -0.19947467255923412 1.3002056130631585 2.5816326999912813 1.3527819439024777 -0.28497554238868272 27.047206884358012
-11.353380837346306 -3.798991295479468 -6.5273597527604492 -1.4554044750889827 -5.1740460569963851 0.49058066362579067 5.2823791699563891 2.7974170493787738 2.770361978756402 -0.10055836990558924 2.6632585148703205 3.316832813314293 26.243696550676841
-10.640101762559027 -1.0078599159697523 -0.92438301363161 1.2146538511656022 0.27545426383728377 2.951513572857011 -2.47536801534682 -1.6719544299978881 1.584377848846007 0.94368193837933723 6.5987240672775727 4.152956065854565 26.20244092023092
-12.048233997245442 -2.5248406636555627 -2.5658245225706731 1.1155985972147748 -2.0051423257165797 -2.3195599466846124 -2.2266626034571715 2.7695012708903337 4.5160149746560379 4.9202712675953331 -1.8477021476105564 -0.93221516706123908 25.959553812217354
1.7106576734636183 -2.3856417285684492 4.7329119637939518 14.74284354351987 -3.1234530680391606 -14.247141340656313 -13.716357115360802 2.9594132110520914 4.389723886052626 -2.4519149945816165 -0.71287735106375238 4.9876322052499855 36.056460288613231
8.6166860595381927 -5.03032385698118 6.5842759938560373 16.513060713755841 -6.3784051063206846 -13.042052891518598 -13.868135370435212 -2.7577071057994291 10.942626505940325 -1.5233798297518515 -8.8576780116871845 0.058523675461732795 43.332714978928919
9.8619629490285821 -4.8791404577568676 6.650049507354499 17.215426939178631 -7.1348406345571682 -12.989594785483863 -14.707880509048728 -6.8335682877700137 10.299995449848131 -1.8533472191523626 -11.046647199819631 0.76575305302767083 42.994349682535031
9.1097273904769889 -6.1413449534588418 6.6076424212970171 18.055828374878224 -8.1220150914630835 -11.685268081999428 -11.070415310703535 -9.3177926835904312 5.5068529704635125 -1.0107486310725124 -2.6088488574770343 -0.078675534252665047 43.966919171636363
5.3548957480990493 -11.637426372814899 7.80804380541784 16.9222783089925 -6.902934904634435 -6.1131895924037734 -6.9277670827389084 -10.10695532825798 13.35501716513116 1.9331610995789212 -7.7907195130582352 4.3299721817883405 43.235689513360263
8.16552468152487 -11.681612469863396 -1.2096337527713179 13.29100643388303 -4.79590797467703 -10.364476922139394 -11.937218866668109 -11.46443876720638 6.80690587756194 1.3036971981299728 -0.35752378555642755 -0.890576540676907 43.975702588011913
12.320477245156697 -7.3632585761344505 -3.5326509157843846 13.29362536804628 -2.3662565240281475 -4.8050099930450223 -11.221132823104856 -7.7730996687111142 10.247727119600519 7.8976659475902382 1.0918742259941574 0.83603817941917669 44.490753746407506
13.270672331528134 -5.2080568296781617 -5.0162559645538023 11.761779527810178 -1.9126211117885088 -6.4480968918009163 -7.6823329502039277 -9.7739212319134836 3.0893603481677214 9.22865719528447 -2.3450288597631817 -5.7773396451621686 44.630798198869982
10.021734686551991 -3.9394279613038203 -10.144217191978584 5.7782588217499553 -2.3535530960777571 -7.3804391926780593 -9.4615519218840145 -11.19946704157854 0.68756929897655439 12.194938361595069 3.3037424468161452 -6.0352735663950314 41.760976069411839
13.756589224212338 -1.3974328288128592 -0.96305692173487567 7.5846329167708744 0.57383101026713235 2.8625719001768752 -0.821376171383524 -7.634490502907501 -6.6434233789868058 3.8103117447555928 -3.7004834428193503 0.46017156586471308 44.07262588759486
17.572271210041787 -3.0505019401254914 -2.2677154564146162 1.9119710550451554 2.6738880319761127 6.9269461667198149 2.8919113430940846 -8.64394191296257 -4.87475038644691 0.81849397247116473 4.329896352154103 5.641687794500883 50.22485200531478
16.421758100216529 -6.5242190790149639 3.0518232112966843 -13.087529529775834 -5.3547269617446007 9.9321980396631684 9.7391455421456143 -4.4574719207647453 -0.24903959530892728 -8.4823054095406274 1.8766304423171096 7.0841574759369168 55.341099237092784
14.868646697719745 -5.1918206034854775 2.3443328307070921 -12.217384026982735 -6.6342031518586584 4.6497861257846038 3.2676932839160058 1.0757837074608116 2.6330249811938193 -4.9825607739212838 5.1592669403191556 6.0834404583232446 60.489750013749365
15.86893221740028 -9.53356132120894 6.3382730580531108 -17.672457347442457 -0.69535406019602652 -6.1258874069537788 6.7102433126807126 3.8996646638182169 7.2516468852285554 -1.333057847855643 8.3323162983587178 6.9584394316013531 63.273369841576518
11.790983224216472 -10.216667549369301 1.8929017626949094 -17.01739038981848 0.61648828024884139 0.9170686247816513 4.7098576652080926 0.533776184194079 6.60353748438201 0.18677468260138025 5.8651937774226 5.5301751350792854 65.013578886856308
11.017112751047689 -9.3021312484009826 4.8972655981561326 -10.833157858734916 0.2708219097514914 -0.94378035762621126 4.6130403671559241 2.0665684675126545 9.005144729647041 -6.0515698610549995 4.08153939652674 -4.2378886040219763 68.364917462975555
12.859831822750786 -18.501758954951598 10.152308316587224 -13.945520964856165 -3.8532138312453181 -7.4421868678868144 5.0005357958191059 -7.5474253359350394 14.873448234933967 -4.1845615590609091 3.3212004729208626 -5.1054034597424316 72.209648142111078
11.651387658248368 -16.039564667751304 8.9775075715941011 -7.9224955958041541 -7.9272692387846408 -8.3231848712466334 0.023684782466863022 -7.91765625362131 16.290418314942873 -2.3209421865754809 -2.2802288367391528 -2.6007271516813133 75.361340528082792
12.290677457416612 -20.773991220567691 6.4784686618582077 -4.1779601750789146 -10.209444174418994 -6.3638985746066332 3.5866392363480211 -6.0187988585305385 10.743516460346877 3.9934630041368657 -3.9270323251717025 -1.4495401890105408 77.061969415803574
11.701188507974859 -20.716643659690057 11.446693497360577 -5.2526524185373509 -10.56685899903702 -10.104978704972082 -1.299665824180172 -12.109017145161603 10.656173375747427 9.1779183071745152 -8.2970007972366169 2.9903020732185364 79.441035619315628
11.5311794217761 -18.801134738411044 15.533730894468823 -3.0931471449004171 -12.028548686135311 -14.234011861684348 -3.5061782351114212 -12.543120575047565 16.630280611481023 4.0243105007426383 -3.2612244913495876 2.8628318312286893 81.42677665485931
11.677573764928422 -14.75345704374779 18.722431038293042 -2.4130477462867566 -11.222449085594294 -21.375687986907938 -4.4515641639286185 -15.534455529220565 10.09936972642935 4.76569309544126 -1.7028369244425776 3.8658363236158126 81.418324571577443
11.027140030582625 -13.161001322120134 20.038899545639534 -6.4767898388514986 -6.8380024090454 -23.207342342119723 -9.6754055582367346 -19.20422866383025 8.91085062402824 -2.9111536748696372 -1.4078653437129867 13.841993393379177 80.848258013223244
7.8135786930295694 -9.3750010038940328 18.571969691292228 -9.4876368859397662 -8.4524616670286967 -20.482208646555979 -14.89075805850568 -25.544005497502884 7.2792044451181468 0.47897965751929522 -6.8234998948067291 14.029538505876445 80.306366480060888
5.654512443901675 -9.0697359025351822 23.530039868910414 -9.4705822776495214 -7.8290571861993445 -22.935947666956952 -8.2191906408927125 -29.474201835780441 -2.6856557183072662 1.6861035768134358 -2.8448515346337175 12.351082516154229 79.92027342989627
4.9972714308554442 -6.4677543607050483 25.983244560400742 -5.0847289089795762 -8.2365433717617318 -20.715772072662428 -4.5456015937408534 -24.497176322971711 -6.8439193870258741 0.0377111202042211 -2.145910071124697 11.01762591676146 79.802828084099261
5.8010482118829669 -6.441049960074074 28.637163519076626 -2.1279243109144552 -6.3869091252286 -23.641395430048835 -7.8411562535463677 -18.318957471691537 -3.5897550146686092 -6.6783370266406656 -1.3825726376539946 14.171881107170353 77.485181457518124
5.2296302013131282 -5.5810602901482689 25.427313792938282 1.0312293063115023 -5.4545512262403761 -21.839986299773944 -11.7234583052559 -20.007668881188675 1.1662484854009934 -8.6972559355470871 -12.517867872615785 8.5075711586358747 75.0557315668841
9.313488879140813 -7.1904273920985471 24.631131725294871 0.17462806553964139 1.7895631070281315 -27.54909844386108 -6.8080639307022217 -22.488271648538493 5.3522219231539356 -4.2208797991532405 -5.1399494779911077 10.954746525829627 72.248424729852189
9.0363242321469777 -7.48138434966609 28.454756956731011 4.5836829377289154 4.0453814766678642 -25.466664563672591 1.3661004621987736 -15.469365051514384 6.6326075644122069 -10.776103484551809 -0.10216805165777965 1.0316689076144834 69.857222472898016
8.8814450645718424 -1.6245615399853308 22.873892440900576 13.215991264121929 1.4299347179074375 -18.339461105350786 -4.0158011171907626 -5.28388723859572 -0.16235128147417408 -1.9735531277873952 2.908172896071294 6.7653501707412937 69.10227712560885
9.60341882946832 2.7685934516446351 25.658999993163182 13.945446252575726 3.4928824266674723 -11.549283424002537 -2.9751403527442268 -5.4181785829987072 -7.7122903453522964 -5.027709406518869 -0.1060480471688342 3.9137181252912456 66.898536804329012
9.9818816430015982 4.5292561624321825 23.150913793569647 9.5782877135689262 1.1085327420962752 -8.5332853042440444 -1.3741753048202958 -2.0888701269408694 -5.4103196363988229 -2.1129735483433638 -0.9841979854342976 5.47548972699132 65.71242978342984
6.7756087964729117 0.24374891651475908 24.80296853379221 -3.0343647604778159 4.6249074999128688 -0.33281229105468618 -1.5627785282011963 -7.6209889056630891 -7.2713438383583169 -10.645902342161987 -6.8713811360779218 14.879919731048044 68.357598292020327
9.1741813701577524 0.85151670860127937 17.495953379366043 -3.32297629783933 0.022216372972264555 2.3694967494062436 -2.07521067749952 -11.067260002959815 -15.354346773643574 -12.525117572090148 0.083628695511650308 16.217320741000751 67.903638423844953
14.673803119683171 -1.6962031072089265 25.357352163639206 -9.6203935527856554 2.489458517346657 -13.471500697978504 6.4852944081236092 -22.005611818014518 -10.028512689834065 -12.69056492270385 -2.1845147452586882 13.864759754111249 68.110763919816762
11.692531990640033 1.6593851932123693 14.037978897590055 -6.9783073347687132 -10.284481552099669 -3.8508132710007454 2.991162893126186 -17.522837107994889 -17.852223310761573 -8.4550217246503081 -2.4158541365819675 15.88857248226048 73.236554370168648
11.666687256287981 -3.1132961610636389 13.688217480959873 -11.952592959420707 -9.868446956110672 -3.8644932316670904 -2.9706856534092112 -24.569954768540757 -15.527154450363435 -11.936632612784365 0.7412687028945828 8.8233113079553309 75.615001016334773
11.437460598072171 -3.5016365941983318 11.377153736500725 -9.3300120527682981 -13.466063690463647 -11.570090099028995 0.98238603390887647 -19.4307639769386 -15.266867906968836 -10.103661056381085 -2.0817436198481842 11.789695096407844 76.829811795053431
14.347762935656052 -5.3065257079861086 8.9852577496897759 -3.5057856359170096 -7.0381719369475046 -19.864648983747294 1.962466983736622 -13.045578536297395 -18.03149408773195 -5.3371843408892339 -0.65229096495814431 17.864963203063311 76.382410096190924
13.511439392184748 0.13988958193659976 10.639209480584508 1.3522077733745279 3.6381298710533057 -7.7343880356227839 -3.2308258243511636 -15.944909196693221 -12.379857249476235 3.0172471612491494 -2.2675127842697695 10.098690723640962 70.810656975512387
12.561152608976707 -4.8272693274501135 6.0627533556175024 9.5314563376087662 -0.28819069281380927 -16.280478583749836 -6.4134309355418724 -9.9251609819456128 -8.259875925347643 -2.4279730234666461 0.81573771191795352 7.0876808477529076 72.431062752702118
13.841961156213337 -11.643358710637541 11.773924695733227 8.3783251452163974 -2.6794742941152272 -35.185703129891621 -2.2599498983889434 -27.480460553676668 2.15053154790524 -9.3896859036969627 6.0253667445389478 6.7858138159857431 75.7076045995723
12.150954442735863 -12.211752136735242 7.9915111505839587 11.008304415822344 -11.341254438547148 -24.453487719365395 -10.493448950059333 -19.566652057554979 -1.9383327305005884 -7.3467224516483824 5.4612308821678113 3.6367162674825124 77.956005083506412
12.629782202839214 -14.263917678178688 10.46443276511291 10.094164188693398 -17.220730477519893 -19.06163493344523 -8.6696483410258445 -17.223925119902884 1.0645977303955656 -8.35400017063273 3.06588116047502 1.0955789383570442 79.565914691578115
11.827685659492269 -14.736927404682772 10.61896566206023 6.66462230402117 -17.034243655456937 -23.298867866200052 -12.198479821634525 -14.424728170281602 -1.2062933929088913 -8.4723041603474272 2.3376019218150588 0.0046428112281412448 79.865668901509537
8.6867373167520689 -13.177760417978579 11.066858093597117 5.9699148534979321 -19.286828878064249 -25.360587355760007 -14.745451397340734 -15.377978403266447 5.6340556756665627 -14.300534777550475 3.4337961402417347 -1.6349989919659407 80.311742234467289
8.81433664978303 -12.998014306880167 13.788707278004692 4.9109513852396969 -17.989896562942178 -28.169240078955774 -13.065928605788249 -16.680510227189782 4.9987919414366768 -13.219937767360669 -2.8012924941794348 0.738201145220343 80.388301526057148
7.5121077534500733 -12.171203518231358 15.697135343100127 4.0179216263507467 -17.910882098727107 -29.176325704469278 -13.214014500431615 -17.784220276667192 10.92525063757436 -13.261214453398448 -7.0967166863564 0.89992030250459043 80.526237747475264
7.1161367307865264 -10.267324723464185 15.523056564237015 1.6728157627991074 -14.191209408044216 -26.409218151818294 -13.233784422905204 -19.812250822182978 12.020038992826988 -12.073955217905665 -5.8575158736311179 4.462954630017161 81.190769003570026
8.3606047177862344 -8.3761331505314232 16.202545190999967 -2.1246552467244522 -12.123977482362914 -22.741167770607209 -11.743292269996408 -20.428706245674775 6.07700414309495 -7.8155266556095073 -9.0709714764492233 2.0708007192908355 80.0869398629965
6.0703940798943163 -4.9239684822871226 12.399952107046389 3.607346302855539 -7.2484241993517484 -28.124790799233274 -14.486807035522153 -20.274343605814082 4.8209979889286281 -10.951366939515484 -8.77469638522836 -4.5235746954004661 77.642547589690835
6.6764969298000452 -0.10427806203781885 13.017567433574808 1.7352560116626126 2.5979566031175856 -17.560363628720108 -3.69708268411577 -17.700446866955875 4.0581819529354508 -3.2854602606957739 -3.0842208866729823 -4.5968934551959233 73.545015336151849
6.2181675475613636 2.0035131602054888 18.978860715690193 -0.86191811292565157 9.60635978762149 -21.652355570082918 1.9885552956464783 -20.913704539570258 6.5366865681367265 -6.0614600872595021 4.8881713771359 -2.415873741440635 68.175983759443739
0.80659156709675373 0.525817417871606 14.432124923751957 4.2666550397696188 8.3833831538820842 -24.633850725176003 -4.0853482591222647 -18.293609299489056 7.21336542599987 -9.7064065108588817 0.27822721278860368 -4.0813133571676987 66.317786494235051
-4.9065522995909276 -5.0050941411391863 20.496316554670369 1.853675261786478 11.113423000767085 -20.761698115930159 6.3106303438859577 -22.711161628706872 10.042623016520805 -9.9074520631003917 2.4261772892483728 -8.853166887377883 65.285602050689519
-10.440023268502983 -10.473185417602803 16.783975017556976 -0.78538079563066565 14.972603065082513 -20.029840716930622 9.9093240656232062 -18.186502601896997 5.8262077757790927 -7.6111043179035054 4.1304590125595331 -3.8628583655984876 63.123532938394327
-9.1885024603404144 -6.0007514966630771 13.409741826318962 -4.6290464784458276 9.068308538655053 -25.993883139865584 6.681093370035974 -18.332430651807879 7.1112216266618962 -16.412054755285581 1.9809761883782047 -10.878738235871026 62.620189661817456
-7.97339551585601 -6.3566233058675587 14.709528854789895 -1.8454304562198616 7.4463101886457679 -21.393868791083396 10.329812650942996 -21.199208120677511 6.8629260960764045 -11.977014395876314 0.96559659043681745 -11.857347551660011 60.704748821000038
-6.8711775126775052 -7.0164386856076781 10.751384956106437 -7.8376643926544345 -1.2111198617775709 -26.023778146816081 0.83246955425928426 -23.182183824380846 4.3779586390149978 -7.9605135845073285 -0.40868800515116077 -9.3775079435703681 58.23762846573802
-5.0159896811333269 -4.118874525012532 16.893846677856139 -4.2934805483284215 6.4123387522630164 -14.581503347107938 10.416019238673906 -24.679405149386987 5.2091739455364037 3.8131377783381697 6.7053864169053714 -4.7109800769969805 56.466142052542274
-2.4734424912062671 -2.15211804201663 18.148699204343341 -0.92639773737734732 8.1678904465537148 -8.4420002981001883 7.3141554031293365 -18.326011520016074 9.0860523955576245 -3.8610693914915153 0.58391022598159414 -7.4072556719774365 55.357472381353411
1.1268373452059766 -1.0449940615239477 18.649500498534213 0.06158130670522 5.4286366339832162 -11.114138884320587 7.1197159613606278 -22.845823485414581 -1.7804136360975773 -2.071181929924192 6.1139115483990754 -6.1188422208446971 54.3628771466524
4.7369167216225367 4.4782316785561118 16.722039210963853 2.5814370856845175 3.440354735247964 -6.9778390958981857 5.5525003194490763 -9.8411526963238973 3.8819583376749223 1.1475485097152092 0.72448654426936743 -7.9506300350222983 52.384953371822448
9.0766680291055248 13.792794705701422 19.055212080653003 7.7709085264977347 8.8622038140276089 -3.3819732399603732 -1.9311912802044044 -11.562604781090061 0.20111550193642314 -3.442128440207783 -7.7790555740110054 -1.1642701406944997 51.960892036891316
11.064628699494355 17.163321723217489 18.546030560848003 3.1030420765808673 12.644920674883245 5.7933926020848148 2.1847850575835972 -12.468117468600608 -3.4423359135183373 -3.7716688043169895 -5.5825691129333475 -4.4310577857706148 50.061760272423122
8.3277738801656245 15.053516977641943 13.877308183348289 7.1200032419939232 11.729390656404597 1.6913067896700069 4.73959163785959 -4.2837683437935068 -2.6832719769096678 -1.7706862650879844 -4.5992179994273918 -4.3047736545347792 48.763136848569182
5.6280408102648076 16.383951729053454 16.66265728320878 2.9737925940090739 17.386443715597078 1.681142693647 3.4607438635575272 -1.1513153402668341 -1.0013919886224942 -2.1772039770007363 -1.5660363227889953 -2.1035947618050934 44.456990447495116
1.791077692228366 7.5277496191793976 14.561803214035219 2.0684735121928708 14.841152307201337 -4.31358733856552 0.72514082764060028 -11.183302159620693 -11.107349736376257 -2.3025230191168666 5.1877915123471414 -3.0264097921772772 44.433157462242185
-8.4182207308558 -7.3148296930213146 10.726377664088165 4.989902607724134 18.234145372236892 -5.81605522532706 4.3931368268880266 -9.0415820324322915 -7.5091195335645855 -5.95298538086288 4.3840021897844963 -5.1397764575248912 43.369227279290094
-8.0278850749558917 -10.822116736667404 6.1982087607862368 -6.428709838100624 16.987086954806298 3.0518278374113166 5.1275845907017015 -2.240113477581076 -0.46590910157956866 -3.0171130303214917 6.6681619903311695 1.1417445923383926 44.131259317206471
-7.6092520116021358 -5.8015514629954872 2.5205026597874185 -18.496504950644525 16.477874161659589 9.72382632000222 2.2743614743883254 -7.9160599837742689 7.0952281603974878 9.3111794432992738 1.2429564040929271 0.24039980676482359 42.638952655994615
-2.0437324408950275 0.8770074891957963 0.99443393517777579 -19.665137226723107 14.478616075012408 10.439335839856332 6.2428769824265906 -8.1741587586622586 -3.0342341926830589 6.6915957617669788 0.2088539170050383 -5.5902023649686878 42.030825539506189
-3.1161108422259036 0.885891717640081 -4.9321716848968142 -19.805841256237542 20.11550687784991 13.794994101269383 14.253701703048902 -7.1710896749704292 -10.133691686714942 2.9315695065791565 -5.7328184082846443 -10.378262635004067 40.219691215863733
-6.40511341038201 3.5874874998426955 0.25229233695597342 -7.5176577291789659 29.585084878656911 11.344129573259796 7.3175823562768922 -3.2163355665466535 -1.0994704027599984 2.4500764658811116 -2.0479795119575357 -7.7208975375940314 36.991865979874518
-8.5336062825857955 5.3426423190090766 2.4559282584650135 -5.2184894440643559 26.988137734638503 8.809301807102349 15.517655932827177 11.156999031633159 1.7140822691639805 5.3721154439839882 -3.9170336464483264 -3.9101482395600606 33.632530456466533
-12.854236683799702 4.4127256491953784 1.9071193177145151 -5.4688547289729987 14.897452725809643 -2.69918942443183 2.84487881163453 10.194654625499062 2.22860401634681 2.6113767601354487 -1.3173398566292118 -3.0278737437291205 28.91856396738892
-16.160465925503431 1.1192177527795386 0.028738515278255342 -8.10796390733773 5.0884393096128679 -6.6700603677664816 -4.9893876972770714 4.3070582798638606 -1.0087192747290303 0.1140902972482971 -1.6203111384143019 -8.4920577891515858 27.803390440793169
-14.052024986403396 1.0161111285568636 2.3305633011512277 -4.5314916876398534 4.7479400319102867 -6.3850228830463855 -4.5378230453242354 1.8912263637927236 0.66846904816821173 -4.1922930437141535 2.6550769215903922 1.8633650397680874 27.64672367261684
-12.193024177589692 2.4548984809241925 0.94092887978552175 -4.2073643784685562 8.0952649381332549 -2.3078390872598549 0.9826549283175201 -1.0568637887430705 3.3409448885356303 -5.2215417991326127 1.6549408573399127 1.6277751649714052 27.993894568818156
-13.682264707848987 0.69911250596169572 1.4430837053397554 -7.013726118931225 6.6773430361861719 3.0234168924632545 3.2638696046276077 2.1510153590431829 -0.70000792658599409 -5.99197717158849 -2.5143209894152374 -3.582817745654745 27.435635295855178
-14.220714527727377 -0.35194429445959619 1.6532505059099438 -9.3720209992605934 2.1971347353059358 0.95694258109148667 2.3287802784526708 3.0893179917774 -5.3146241505192222 -9.2395399322779284 0.64960689532116533 -1.0162655996533116 27.780104398485825
-13.011252535565326 2.9514085570260176 2.1886856888959318 -3.2135835332102931 3.9477161540608918 -1.7131305394174974 0.0849554412772225 0.45592460611192615 -4.2660033604671792 -2.6737462167006454 8.3138597692652034 -1.1210424253987028 27.134620206820731
-11.189649092288747 2.5443539234017574 2.10460963497894 -0.89971922088155665 7.2679447923543634 -3.9959528911205533 0.41985617087769578 1.1952465402328196 -1.8888393130759387 3.5553837067450798 6.2454333812308604 -0.61220102791989617 28.195861352393081
-7.799259509012793 -7.3396723376613489 1.8810926122087033 -9.652187623914628 11.971099440376449 -14.291434357751342 1.3911779712777386 10.059089758675723 -7.292551063402879 -7.8244087863237377 -0.16829943763682809 10.410976807103284 38.540073316576894
-4.1306841965216208 -9.9354899527569227 2.0616798530623304 -13.446133537234017 9.9413357997737712 -18.249198736240043 3.0718496056065128 -0.52821482408339282 1.6000048484694902 1.02000657407831 1.9996119958670509 7.7575047816193905 47.33044093479419
0.45736967751277996 -11.678446110655127 2.8432797928205615 -12.819788401287717 4.0507522174840922 -21.781799590004415 1.6525327124099132 -13.337742210198208 5.701303237343744 -6.0344292595356483 10.914150572054163 5.1515159903299059 61.041991067419374
0.67694682757578 -12.570429447637737 5.6204094648159089 -13.921464847464044 11.606674524975112 -23.025985526432624 6.4325940248675142 -6.3909217146760149 8.8590846969836576 -13.219966641216054 3.6716862712279124 2.0566772726062377 67.32696490857235
5.7218659974995134 -9.2599100510212633 9.7709931072898879 -11.120300381708839 13.774925474132848 -26.138768520472876 8.2538745109319649 -4.3469389065412622 6.0485432361072107 -9.4899375242664856 -0.53931031708210753 4.7664995082742063 70.0033782526616
9.8318086495847972 -1.733205502415232 8.1196987892442216 -9.01174392574846 16.697366453425122 -19.781639357873651 4.9601559732698188 -16.559302936845544 -2.7623814106147027 -7.5529220039428751 -2.4858456248399374 4.1753538845746476 71.296531217301435
15.35540375180636 -3.1366735657740095 5.4415697024870919 -8.545764778178528 13.597876661183166 -19.907336550197211 7.6175028479117355 -17.259680571042598 -6.6434628366558757 -7.8641969698373009 -2.8179876866441624 7.9572478826057838 72.868983147009814
14.775652123802614 3.0321157461538344 2.052319874133067 -6.4702751934896945 -2.4737583365970073 -20.004903506251782 4.9380091107293538 -12.092531146290879 -9.2928556275623357 1.5905947750001939 -10.44980222897242 10.671163154141711 75.23083371370133
16.154917931031605 -0.44282945141345115 2.8407448340864727 -5.6343944954934635 -9.77844179264045 -32.802831451872706 11.705712647673652 -11.31129106358129 -5.76793735066718 -4.1102435330864369 -11.844007761715496 7.6266143057540043 76.103227631440632
13.755830926513744 -1.2991395069753151 2.4490852559424967 -3.0436101515936134 -19.270101910908124 -29.381673917602367 7.9688739017843186 -4.6331504535983159 -12.503763724794606 -4.356302351093583 -6.7381771938250088 12.871488799354211 78.072580982103233
14.507966301318389 -4.1819083076198487 4.0829692293183761 -10.395796373799511 -20.213001605910225 -38.018667568637944 20.062920914002326 -13.799839972591377 -14.670185234672681 3.0986973849345181 -11.628804851462537 15.634370103238378 76.705460754619537
9.613771980530764 -1.0024171000423865 3.978636667672951 -13.298405176274095 -25.440821594056693 -37.53085796609637 15.158765559887092 -5.9634769929728115 -17.156341173482492 7.4939873748909873 -11.905726174906258 9.9793139254923489 77.003208361842027
12.112258900985482 0.263611271231691 8.0809341471825213 -13.957695658782516 -23.189486434890444 -37.478408450620229 21.896270589918498 -11.300136754125303 -16.413616925756365 6.9038475226751181 -13.629524943820996 9.6982495453744129 76.288736468932086
14.494209933456169 1.5068233723792026 13.499997172890156 -13.29843505923014 -19.893002751851391 -31.397125383905944 22.9901282710118 -9.64114814365356 -9.2740483507695846 2.3833454285373863 -13.92136728164502 8.4225007284928228 76.081120989451392
14.824244040505025 3.4318605237202573 13.596152100811612 -10.451116611463416 -24.301115324551649 -24.082701447981744 19.614249855357368 -7.4644366492811942 -10.94648187410507 1.8398272770161628 -12.473209759196578 7.0599021106857078 76.298400487188374
13.910790224681129 4.15379617790093 11.584039645706037 -7.9936591141528845 -21.9614520189662 -25.996811116842135 18.889066662227105 -9.9235526499050319 -13.845969371510558 5.3001517996984937 -10.01454530010383 4.07816321130169 76.43708045498505
14.70160580571677 3.5642507800793122 12.714765525610398 -9.8182310526489935 -20.512590463155 -25.72964145539061 21.374805453853352 -12.209866762318768 -13.357421921454465 -1.7185722517118154 -6.5445787010441077 9.1816304236623019 75.466376824760715
15.060682960201639 3.2079951843949717 13.497026710038055 -3.6706518998538047 -19.283149519648109 -16.059593867839279 10.906615299136462 -7.53038871660402 -16.245962207407587 -4.001066607869606 -1.1362081580209851 6.1674071205093073 75.801162858501513
15.848404012877925 -1.801950285526656 17.803531068013186 -6.619738870725504 -10.945804970615958 -16.997357826063443 15.374924066532387 -15.08685183823361 -15.950348075439585 -5.8814135349563514 -2.0578881660203674 15.18014659964985 75.586127989278438
13.846806148714206 -1.559371400815287 13.232165013046869 -0.6278316893054311 -15.733377535215674 -13.535546089123832 9.2477223561332824 -16.450195530302825 -11.926030380813884 -11.916596885163488 1.0578514453448418 17.706006958812676 76.566416765905615
16.543266635164578 -8.123441401466998 15.083696896202383 0.87329216768893958 -13.482456468814064 -11.570461562375375 7.5817528658681761 -17.959728174545614 -13.167091368392471 -19.542952164017056 5.7254027452584255 20.966875455664603 75.468926054927138
15.48476279795605 -6.22088272529385 8.23459838666073 7.344782554229047 -10.050056260866187 -9.3617153204151968 0.66377592667353547 -14.070581386215384 -8.2323198396832673 -14.615669308425405 7.6893997380172259 13.586936537193493 77.211170822943743
16.278342144561222 -8.0536605849652023 8.96083192063433 10.112977558096125 3.1581239522986659 -13.736538707723028 -2.0415120966030331 -11.760485448252762 2.7499903893833588 -16.482892804299464 5.57814471055071 6.0901721252942931 75.488725849095545
8.5834529406951816 -6.9563029007794777 16.437427381963342 -1.5533491210221251 15.241426670906188 -6.1189637981295011 -13.538485150142103 -9.3954956201285018 1.5404489885197807 -6.4881880853218759 4.56176470484362 -3.2978694194708349 76.875130846193557
4.6081196582319528 -12.132231344535542 21.037687534167219 -2.39727651385923 24.052126282170672 -22.540693512623637 -18.803584743660352 1.0248104496998145 4.7761465815815844 -2.1533144722173381 1.9439346137209474 -1.8070237652519141 76.742259390086971
-3.6644161198106988 -10.473006293357491 27.652275668439145 4.9920856590831049 13.564398018616696 -25.694260594455837 -14.631212575127591 -5.98928280373618 3.7179025560587249 -6.3406097051716594 10.066876811194049 1.9865774460176064 75.408634795999916
-8.4632737529743327 -11.436509679807013 31.888656639104859 1.3756747826669435 17.362964870460264 -32.703267240768739 -0.47826099929185295 1.5054925418311023 6.3650880300608792 -9.5414802152005649 8.4752038053839147 -2.5530045492393345 74.997558183085886
-12.710594014359824 -12.448055515142796 31.07043628160794 6.533081852093809 16.939892913860415 -27.269354548943021 2.9353535971056326 -4.1868025296606275 0.36142982602617857 -3.3905610865858167 14.988761010672615 4.7775204049249433 75.1828750138823
-11.851832834742289 -12.467306581159662 31.232287741881919 -0.7596954057577936 14.425421553614743 -28.859138186415127 6.2351538511980324 -7.5294604691850786 3.2753140608455178 0.98419961129775957 5.62344005797779 -0.22857576062465143 75.128102574194841
-1.2462678922612076 -10.157660329301587 30.156800625766646 -0.796326118583297 10.2459454073739 -26.203090221226809 0.735663857800784 -2.8866287380450886 4.49526682688536 1.8235055689744717 10.165168094584329 1.8604173733477514 76.166690353486345
7.2184627980471383 -5.746469369727798 22.00727629134489 -2.0745905306081118 10.742540539119647 -27.033959926392484 -3.4863263841727861 -4.7590161693837851 2.3671094687194905 4.1309631919796379 5.5677944683115292 1.0239597884003364 76.618251779137509
12.568981845436424 -11.346328496694404 19.234594352259382 1.1463717408099623 7.5801938225723626 -24.192628308629082 -6.8185730815982417 -2.6516251600780412 4.4001882161557768 1.9401321889522547 4.0128875563270059 -0.79486414453446275 76.54859142474605
13.208366963032777 -10.301530768933871 13.070337692312718 4.8846253971060865 3.7569174215426324 -21.861648248874548 -13.349067104594969 1.5785138843481523 2.1072975206354374 3.6505429631297788 3.7585517840062455 2.462061878406554 76.625018361858025
14.360194326482073 -15.473509744597891 21.719375632291783 0.83957985212593533 -2.70629200211104 -28.299341062594102 -16.8969618803313 2.2893717577678143 11.398956558901984 2.9000893440710009 11.476155060748763 5.0756850799945266 74.11648485492023
11.15847450231459 -11.367664988519424 17.176335012450441 5.0162844948489491 -4.90440128796554 -17.139731098738697 -18.971712828546771 1.2781260224438824 0.94515768117780274 -2.1925329011517132 5.6780468041051977 6.5427352394239753 73.626024014391845
15.621242309122209 -16.19316664907652 22.969314091063829 -4.4387505951657271 -3.2051157301224467 -21.571007538162274 -21.597336371473286 -6.3932839187073238 6.44831158935855 -0.78456463229164008 -0.091330429741046548 9.8606673907405149 69.403827943658413
13.611218395665976 -9.6669042721483489 15.451051865579922 5.3548911854272081 -6.4277375406109583 -10.491374893351409 -20.907329034360238 -5.24716474677202 3.7423731356346117 -1.2986745130328854 2.6234812178351703 5.0978566909212137 63.792325561310989
14.219442548130067 -11.369690269023225 13.461713954178997 8.6489823209587779 -10.361152903034299 -13.218753486858958 -20.605112125930571 -13.792432471272116 8.7103490833681381 -3.7161445532917141 8.6964042179374488 8.5958238951201817 57.585062391828082
13.667248161069642 -6.5671552399661595 12.393891077741 11.5338657786667 -8.9873881194307916 -10.981828920065219 -14.978174649208476 -5.3919502844135412 8.08213501773687 -8.2971351358516685 2.9688483683567384 5.7249454511100772 51.347928226764211
12.869078940492734 -4.06953669108134 9.6877144939046946 13.523078769125224 -3.7268288939479981 -11.925104080564621 -11.800012442670948 -4.2590805654442567 11.272578270655258 -9.95085152868559 0.37985208435301449 8.4614039435656974 49.065390370161523
2.3889800203279754 -9.8378431425038659 5.2154074468433 4.0126380543647366 10.840166162291709 -11.592859955966807 0.82150474733271939 -12.438183197611526 5.7587993097469 -9.301696482070593 8.3392597392471419 5.9318716720028117 54.047014261421062
-1.4960057194901029 -20.110811251908423 1.3773997011922521 -3.5567850865403767 11.182373986917723 -19.710845249693335 -5.8817720384492791 -13.460395953581202 17.009277443912413 -2.072556941654057 8.86966284695658 -0.0015220832672616243 60.03176609189466
-3.1714967702921557 -17.501902572535389 3.4546227152044109 -4.5213193516577652 15.244185709113703 -24.55884692293305 -8.3642729784330747 -18.762454205626558 11.656455554198804 -14.629989795584532 2.132130462316034 -1.2743350341606949 64.207766391724959
-3.974840710202399 -16.419126667709172 6.6478821085086883 -5.9018527971058621 14.536493086763475 -28.590203357466731 -4.1749615920858654 -12.726699446808858 21.262804310977465 -8.3482005858812816 8.7958729706368981 -3.748764961038427 66.953720457421738
-5.865290743638238 -10.736048575101755 7.7583501133043846 -4.7322092729816081 11.800905982482808 -28.737389876894206 5.1254357736740355 -13.234736071173346 10.706656906606522 -16.236959284389314 7.1565928138141395 1.0231764606112277 60.728823158904518
-2.6605798696197538 -8.4996733872045027 14.442548032944627 2.1232272704099953 7.27933354301891 -27.10631474086367 -5.1991872334132561 -14.852474180497991 8.5282809422495127 -5.8528837959152238 6.6028175861066911 -0.10987766560143539 56.9886984760382
0.70915310389453523 -9.0531430604015117 10.490919433315652 6.4295953777814505 8.963963726426071 -13.782118157946478 -1.3261070641688486 -12.225567476990742 7.3862969763826829 -2.9269290441652149 -4.8424290184382519 4.2479677092937607 48.64106530237671
4.2682721331871623 -10.183342349372484 5.8175322884735916 13.792369646963639 2.2026911994965657 -2.9111598351980796 -6.9163065360943934 -9.6314128255914415 13.710252099553214 -8.3384233986608756 -5.3508380457740223 13.8572365775938 43.30792575385302
-0.77457684990073772 -6.5024387097367393 6.0637603837869065 20.576693939046489 8.2259949041330209 -3.1322481335494383 -18.257926707814629 -10.211755881754597 3.5914765645694948 -2.7494299889857681 3.2724120587346244 8.6688694562502171 36.4413770513699
-2.8072938349013565 -8.317562805451022 -0.1047272241406047 15.212388252180592 5.4853057437729875 -0.86594105792840725 -13.163167958019281 -4.8546480062026394 -3.9337723718242059 -6.9629336445294943 5.9457180203247928 2.7901083545465659 34.792977907660941
-3.7002377431102991 -6.9117168799852609 2.6543976363508213 17.412520141260284 13.458482215788559 5.2437616018739437 -8.1182090742756241 1.8377732538275864 -0.2881206989797771 -8.9683984576872771 2.1251539683482714 6.11080756978731 33.044798344836067
-5.2154178713534431 -9.0771034073917 -2.9016104113302577 6.6296693086920921 17.074502019410012 -12.12583305501791 -2.2702263231657178 -24.593813575119668 6.3958291421411184 -0.31635587052556552 7.7093164021061167 6.5642809824651129 41.30653391637717
-5.3351155210586008 -12.905288173212947 -3.1167641640789419 -3.0440133877761482 18.062266695458607 -12.245295345653505 6.0521637502491386 -23.684787664609431 3.34209193987159 -3.3029003917581612 4.5503500457890862 5.91925001984218 49.164840448852019
-11.739667791226372 -9.42900632748141 -3.7785277737491505 -8.8564753907403215 26.247951813194263 -16.509589731585145 7.1659353392888985 -13.927918851112222 19.377385034789665 2.216885352843847 1.9823755190179693 -0.645214068743962 55.508375691472786
-14.836555188795618 -5.6383869821490729 -2.3517188609202537 -7.58088880280023 24.984493399658277 -22.746816478633566 6.662255336642918 -21.459080817954149 13.339751673830959 -3.9570477656100036 7.0896073941337026 -0.40700507417174236 59.362050349949321
-16.164312058570928 -10.570878155395091 -3.466671980288345 -14.090675177448365 22.477353409868289 -20.757237211062641 4.0117941297123938 -19.003886267626296 12.63770245285931 -2.746435979656682 6.5617195990868868 3.8477778075011155 61.538534952087353
-14.803579375096403 -12.44042750353483 0.29746927488022912 -19.902914213924252 26.93413366143794 -15.766538279347854 -2.4379889112706046 -14.188125513475065 14.36342138107174 2.6495098179102077 9.3008116299543389 3.98244185881909 61.525816375369494
-12.247328615906039 -12.778402564729619 2.8331396600954588 -22.036756652019236 19.160372347127616 -15.46021224451971 -3.9855092577194817 -11.466346598864279 8.1157457153311423 -2.7977388311644056 6.2370156929234346 5.95980734815087 63.024091241504038
-9.2240344052945265 -15.404468740646514 6.2457058131046184 -16.582112942335609 17.311511565958885 -17.901624511905105 -0.65617825369906924 -8.8214778634798225 13.690907619120733 -5.3610661088002516 3.9440449635573271 -1.1642649244337473 61.642224383004759
-5.2633788167729056 -12.7777921465615 10.099699775606508 -11.692517033168675 22.163500853386946 -12.007163148782448 -5.5420208418002259 -15.34926962857922 18.244578105198119 -7.6678199804605205 8.38591988370652 -3.5023257888981467 62.586846139527843
5.1340198568490472 -7.83184082218166 8.37721696551575 -7.6822660676066317 20.534931246592777 -8.96306898171324 -0.16778009464950844 -11.684843428831064 4.0949818733674368 6.9972694092786849 7.4630444607243156 4.3639261812318777 59.301892686593483
8.18544617546392 -4.9974958577943873 9.2015966082782388 -5.6939184544036134 11.87277357484202 -12.533143886964965 -7.9723271503954347 -5.9597278135502307 5.00368850367947 2.67827715787936 -3.4068112231802017 9.0270189962032124 55.117489323191855
14.824673928465241 0.057841528484429687 9.8551564866804018 6.6654052465635312 11.602765795140062 -4.2276643238359437 -10.166967715685042 -2.8306010543825857 -0.17650827346430309 -1.4532500771830337 3.0450926740691582 8.4651265807964151 49.806434294695705
13.827707513661721 1.4192923458596578 0.85974432331049222 13.78588771462551 10.90886475412646 5.86652426626049 -3.0026127170593893 0.76738347081154612 4.1452238554157148 0.19086931593941428 6.0721702529606443 5.6672518564288179 44.817656951482135
9.4555030910237026 2.8066275212272744 -4.0260053098343676 12.373446305455722 16.79424030108942 3.2444710572374182 -10.381408143954475 0.12712730763950952 -2.28096610708626 0.876516138044476 3.4150695101082928 5.9202486175203992 38.790001326766358
5.9269779453066285 6.6291871724084555 -3.1228559570257008 3.7594004790089408 4.3179356474947319 -4.1333410220343874 -6.4685195517021237 -1.7564711974165383 0.68741912085929469 1.0118061754418572 -0.049050083254561339 7.0492018554730107 35.965706890003943
1.7646330466368965 2.7352293077351839 -7.4692345078889906 0.48264738276794289 3.5193275336820364 -4.2162146432002894 -7.500549891013808 1.7009172607990328 3.0137258893609578 -2.1406712801055408 -1.1370599661120879 4.5425660079388956 33.31197970842905
-1.8923194876756659 2.9562770015718693 -1.4705178202174343 13.932328333155793 15.157361680586682 3.5264898272690539 -3.0772422727037232 5.2936040979408521 0.93883846259797588 0.39059939785539072 -1.2525292329899878 5.7898296645703056 30.761359192001382
0.10066211636391742 4.7479709306780693 2.7173575017883205 14.69596480085832 5.0739027785488018 -8.4500366389923176 -10.181348596695976 -1.6732375386068643 -0.794917060451953 -2.602474938797092 3.6980554683638163 7.790310126349012 32.167658247111618
0.55655787334251938 -0.05906049545885337 -4.1624600503290834 13.710905370232233 14.113102709203535 -2.0217604530593842 -7.50693392054486 1.8292421821548128 0.60658532203308657 -3.5401903057259592 1.19970026757692 10.086779346834907 33.577393366504133
-2.2588722332189266 -10.040792001873696 -12.995603789225587 6.3594391116772515 4.9880453980740853 -7.9133897677601786 -1.1467317338916541 7.1576059784758534 3.0294465239548796 1.7659710989154471 4.738413526341172 -0.32587018175942545 33.072420830396304
-6.9647784984981449 -10.76388136828364 -12.539008881605547 3.7423922029080376 1.2062029195512214 -7.4438834097644335 -9.4208649686311414 2.7564380038588814 6.3935413344939729 2.0174333072892883 1.5567508295430017 3.9235491654877204 30.99673197472303
-7.9972382493760383 0.13692719247845922 -6.1181677225741771 -0.25513929363831289 5.7509064126470353 9.36758693352158 5.0481085348298018 -1.8348530172744688 -4.1595064362321983 -3.4776440864791431 -1.1015298041495258 -0.85797844959971692 28.302071935245639
-8.7262439787403032 0.64398170253249309 -2.3729852428004654 2.7760660819746983 -0.44142436012578151 0.28053438764834376 -2.4926509112811384 -4.9501471718702446 -7.3263500546721358 -0.5326235380655997 4.7567516416761935 4.8959558481838377 26.548571527116778
-10.207784186802863 1.3896166107032284 -1.3135596025118097 -2.2089898718847403 -0.2342480180843336 1.1722268119597858 -4.1375459895986468 -3.8092316331655134 -4.4327030186032061 -5.8721311756831591 -5.0110671573055905 1.2138988187049926 25.50213923634039
-9.9163869288881958 -1.8534276366724403 -5.3405954654305567 -3.88641494957031 -5.2874190495964815 -1.4737104141675521 -3.93479821973057 -4.435834778594212 -3.2005910672854072 -4.2874489244808389 -0.60034537093383977 -0.39194579529769152 26.143410070628317
-11.038065155731617 -1.1357551359582 -4.0315193701584553 -0.050806921622269352 -1.7817959833111436 3.6683998625965164 0.79695495331969857 0.92720512073967154 -3.8620257649894469 -10.102840538140073 -4.8744047934803412 -0.7309246310589258 25.940795941945527
-9.3743285418166078 0.738293659878696 -4.0380238764679719 -4.6249900312368633 -5.5555694718767938 -2.6674022504473669 -2.5267429275899245 3.2729177369738216 -3.8266646082794171 0.045970883347294621 -1.3291004682058214 -3.1746337063764014 26.316151963608103
-10.516346657065515 1.2675444343924724 -1.7957594104590913 -2.1033358885253328 -1.9057765503792721 -2.583345624308425 1.4673289364819584 -2.1940977162447974 -3.2769483091043283 0.28212046944068353 -4.7381582817151173 -1.5673110732762408 26.538266362686105
-9.4108991018378383 1.6082358443415465 -4.1246630788564618 -1.5457453058372215 2.6376660449192091 3.3008671253134203 2.4782255782628475 0.73837921433900977 3.5647052882890171 4.2799629996176423 3.0867397020021343 -1.0290861293836842 27.34444900297105
-11.333588382501906 -3.4807338778564705 -4.9428544468291173 -0.68167116580893738 -5.6165069760855895 -1.3481060300586947 3.9035680254607845 3.5907506365594508 0.079962855135188 -1.0086727220931702 0.53629325858762611 3.559848621846152 25.99241651298011
-9.94241082046363 -1.0829681279592867 -2.6369883683926569 -0.83884165462004867 -1.519167920081238 3.8121265809798444 0.27054926373965449 1.2563615361333054 6.6741059462872814 3.8917697963897133 6.1967511720271879 2.8833382643846779 26.655299803051449
-11.908508661818393 -3.7849407424477195 -5.1859241581653288 -1.4999897260704351 -3.0443042446299131 -0.13866865063997949 -0.31046332547459821 3.0081170458697573 5.3578480378767166 8.85105999408655 1.4257257020026697 0.91119234690260953 25.826790141587292
-10.33444224528635 -1.4892478188357363 -2.442642094038209 0.47960941696599757 -1.4085356007490173 3.5196113075648574 5.0625809230193379 6.3703973205251732 3.1840451815258088 -1.8668014467300527 -3.7570538634257007 -3.8550789148189915 27.304031744756124
-8.97653264857653 2.3654698780645318 -1.9111505869647263 -0.5543292749886799 -4.6761975715265667 -3.8127260365811422 -0.33273340080955138 3.5426862855045269 3.5041402709846121 -0.44895450322669067 1.8419767348736469 1.7659515073931353 26.013641565924882
-9.7252668705253846 0.75269122939947031 -1.6588825765680326 4.9968348329584638 5.0329797410570984 1.9216012768177508 0.68776004367122423 -1.3065144591420719 -5.3777281734783724 -2.8743569385257826 -4.762081208187511 -1.9356867097912023 26.090655342160034
-10.203408528090133 -0.38860883307074556 -4.3538631816747415 0.16923974353249141 -3.5206247921971512 -3.5514178927400919 0.42834816226785538 6.1538163858860448 1.9230786888828606 -0.77678102738461119 0.84903818618210858 -0.044874509017869567 25.903246109140525
-7.9101638799230551 2.3670439547903896 1.1585861776988371 4.8999630970097448 2.1804571918271924 -0.61358273505282035 -8.0205874215339445 -1.9768981013275693 1.6867802759668216 -0.47420871159280359 -1.623461285950371 1.8514946581136005 25.827699919218531
-10.313080815088815 -0.20691013879045705 -2.9435238423241379 2.4562659482007878 0.890833946748499 -0.6280212879189585 1.7198660848264835 4.7812199210509574 3.2603912081693345 -1.5634886801315575 -0.050032142329653362 2.1853003702613303 25.788832420191312
-9.3215300320078782 2.0925096443646258 -1.6772045060233038 -0.18890337965642412 -3.4039753199495535 -1.0615252199129532 -3.3722031557852725 -3.7668277246527211 1.6174029121744022 3.6168208618872395 -1.1355327796160484 3.6238475298345172 26.181905796861773
-11.383036379574301 0.45185916248773494 -1.8510329738756794 0.43267578444721838 -1.5515800557239774 2.6276712874381056 0.0913211430989007 -5.0522728695720067 -3.9157526467365842 -1.7964255176881931 0.30890480028690093 1.4836331798591933 25.690367343066303
-11.559940051756296 -1.4000877803369072 -4.2204493884601284 1.7334900511713609 -1.7893856959886827 -1.5259991413198124 -5.1639582172563081 -4.7329414278671491 -1.5864977965987836 1.6046137726458976 4.6459080104778963 2.4653200455521747 26.40622224952358
-9.7743422589190168 0.45403895247631548 -1.1075457947811924 -0.21872779215435062 -1.7482768949011973 -3.2019658760850107 -3.8112072232291667 -2.4432927023400586 -3.9778266083094418 2.4694210253794395 4.6600010023016081 -0.080302148142256807 26.082227294588161
-10.00399629151846 -0.53793500581058118 -1.9295041743406312 -2.4656463828500046 -5.1402506067779044 -3.3034248204332255 -6.6142734387498257 -2.9507076472859541 -4.3612688510925821 -4.5749555602771723 -4.937748832684842 0.58385658721913836 25.559668704669992
-9.5474423190711182 -0.24704391186009864 -5.2629808720992122 -0.58486862861311162 -1.3000218078940724 1.2062752780581412 -0.2521452528350962 -0.85961282095084357 -0.29846576888623294 -4.4749496986332575 -4.2517880619612294 -4.8745405780686388 27.155283715287243
-10.092780841260575 -0.47806555395917533 -4.5621088374671395 -0.98674790585076944 0.1140173957098141 0.099962549606350024 0.34327350576446797 4.1797173671870649 -6.0654722761963118 -8.4489283653090972 -4.4351951386444295 -0.5470755269859997 26.353005004407486
-10.570870678293307 -1.196824529367319 -3.5392758057753233 -2.9784615122191571 -4.0060610451453318 -3.28691531854104 0.74023554843393136 3.4212898937182405 -2.672146230035652 2.2535085068296863 -0.72560547500938422 0.47738310444806287 26.369541437303567
-10.415115931071018 -0.72250410235230955 -2.0132710113764412 1.0593280276051926 2.0385724508580614 -0.891097953633662 4.0954627980257552 -1.0808225716227631 -0.68586134263745724 0.89949039260879748 -1.0461880908257375 -1.291061078372691 26.668170487127973
-10.503663145478145 -1.7115691550098366 -5.6603075685064264 -2.87453169637127 -3.6679248129482018 3.2181673791866494 3.4693017463548608 0.24561752192986794 4.2500144382514522 3.5764021865590636 5.17032347402159 2.47485702233833 26.690268346133362
-11.025151472851425 -1.718180423665661 -1.3020521251524644 2.2885040435546022 -1.232165909827996 -0.82933827702985541 -2.2452905776409713 -0.7743097378826308 -0.52545231501922784 0.97237084535461948 4.4107767530768589 5.9323418799850467 26.077705908993895
-10.265876839251753 -0.20743615414065411 -1.3832018262972754 1.9835200567930218 -2.5193561585242246 -2.8122947384381973 -4.091473932476875 2.9697321747478105 6.7617757015787774 3.6672174141538347 1.7251996663013112 0.71237977890702975 26.554475690918618
-10.656544065744505 -0.9029837718277095 -4.0631589756483715 -2.8210910585834421 -2.2722838359004625 0.22706265229598793 -0.29124973787982317 1.0651836136700954 1.3404225711071991 3.5395254799246691 -1.8084364850129773 2.3731021656327203 25.990489646297764
-10.495197431549807 -1.0187698575420818 -2.4654206691084348 0.26422430892520915 -1.5400894476513478 -2.87612100958723 1.414536529912185 1.7942530333874229 5.1691288709657464 6.1833679611531238 0.99028134912489418 -1.0156124928660073 26.906223363273941
-8.5017062244695811 2.3757479785094056 -2.4580404679024377 3.5867191673292176 -1.0880494979578696 -0.33705556768624534 -0.71904423890712543 2.3735917736777115 2.2525884992913738 -2.6041777749915616 1.357852770170566 -0.816494827343521 26.487443593302103
-10.462166519363333 0.47722532414523477 -4.0610393726088843 0.47017857939050889 -1.7115290060517685 -4.1956950796379 0.94489439218041382 7.3617953410418222 2.2779216792103267 1.2990215303318051 -3.1687067250198231 -4.3222923540205658 26.010600200239676
-9.8659860929208634 1.2659045525561097 -0.9830365488395667 0.7017107416441698 -1.7940024912360089 -2.5985906403078363 -4.6792873498693455 0.96839249740055222 1.4467607968908394 0.50620215113053912 -0.16051516968356577 3.9635226857014678 25.767167980804903
-8.1865511132409043 1.7628013727511209 -0.035123154073713067 4.0759376230684143 4.3022536969380907 1.726110702138496 -2.1869926151239421 -2.5195507366174739 2.685558232360076 -0.20815831320474462 -0.37456297341659189 4.9202868129947461 26.445714927536283
-10.753970727243365 0.32727463905135029 -1.1854529243977863 0.11294654254591703 -2.6870127495275 0.11606274304488813 -0.9193460554256534 1.9439449199713679 4.8490393947249864 3.0374879958615488 4.7350342392877538 4.0688039848603115 25.042570941773313
-9.3082315137944818 0.73912326733581479 -2.4683337368031504 -2.7090080572391435 -7.0920688457307088 -0.17060946535840613 -2.1523549305003118 -2.4289640795658887 -2.4666478732431711 0.09236118089309707 0.3639433703479793 3.0514486432028303 26.66643226127
-11.557662289146672 -0.48307219655279876 -3.1273750374798985 -0.75765498415778376 -1.9266431577743151 3.9313183246541654 1.2884468155546058 -2.4738951304006753 -0.631851265934262 3.3787213931625297 3.0618658101354863 -1.3441707997273855 26.018553265949382
-10.137011237615312 0.88587061253045407 -1.3172257955435467 1.7217783801311823 -1.4230923985730026 -2.9882370358249113 -4.47918099897583 -5.1740311498332394 -4.21580593664964 -0.096777034916952359 2.9076217951450172 1.7329179564511703 26.152833047413598
-10.42312469918091 0.45098423914467867 -1.4348935545346173 2.456403938313497 2.7221468956940043 0.41558083921541772 -2.5215545403993329 -3.1230339774917635 -2.9036259712012287 -0.40098211056983563 -1.0949078403583083 0.69140776808103444 25.418279613776761
-7.9146899676729365 1.8936254803796022 -3.0561518530763796 -0.086587559656860852 1.1740071415080153 4.6823631631806268 1.4410146863220645 -1.4915871582000846 -0.93503495012036264 1.1151098716767911 2.7629114957521361 2.8922566588304703 26.5300970261735
-10.199337658467091 0.057977157444171229 -1.855679206788583 4.1652756913225275 5.473961315477335 6.6319806390444027 1.5280850153025578 -2.5859214252648659 -2.8166096042534154 -6.2585186475110923 -4.8487461616982372 0.092227497011268422 26.245070192655941
-8.6071153272739345 0.72467442379942459 -3.2580188556142584 -0.67521715472806032 -3.7074215544217255 -2.5019226087194077 -2.4943633341456675 3.910044871588414 -5.032001510878807 -6.614983931615253 -4.4425195413193208 -3.4316995769576168 26.920646679010691
-10.633763133784559 0.73004889416771523 -2.3466778769492995 -2.7409695885047531 -3.21127798841493 -1.6422115215173139 0.73004655202210877 -3.2770095154001897 -7.0472159680111206 -1.3372146200851152 -4.7777675230327645 -1.97301316536231 26.593014011637973
-9.9099658740110925 -0.36911171548472876 -3.5746036224230306 -1.2454000870149338 -0.035610686068885511 0.53131165898741173 2.0491925669622346 -1.61623967592448 1.0836341357194184 5.2333114440817958 4.5767429285672634 6.7502946126037937 27.082844842999023
-9.6607143983108834 0.039102835686661404 -2.78597574279554 0.85424797376032213 -2.4729758277289626 -1.1740456096029772 1.2057289618172 2.7142688983682683 3.8422715945999326 1.0407588264339045 0.65373707787651059 3.573031120445251 27.272591547077045
-9.72740233579658 0.9616713857766811 -0.80533606517696144 -0.65842867639052538 -0.91213635429166884 1.494924607995709 -1.1547325280648464 -0.92104249653565051 1.4864480365610404 -0.23086070782714224 -1.0498097265922719 0.021830081526722118 26.230863845615726
-11.983589454510016 -4.3473820456349683 -6.2990832361054343 -3.6254826557497326 -5.7943000337406163 -2.3438677867196405 -4.8989287927845035 -1.2378074271366701 0.5618760547782875 4.4623040527452762 -0.6427976218093745 2.2713656202557728 26.006335993866163
-8.4400093083892109 1.2697329972691278 -0.87812920273912309 2.6827733288352449 -0.53269422169999925 -0.89199666746284012 -3.2527243608239735 1.6786659010502103 3.65089601367266 3.1668042510693444 0.059262365550418306 -1.8338947965798056 27.868699342076294
-9.6340429396282623 1.5585603366721572 -1.6373597087061416 -0.92404273865028175 -2.8151774920583232 -2.0773297534621595 -0.35688126125978042 1.8094064682010949 2.5580961822958455 -0.57140817342103645 2.023275173527646 2.515269395783863 25.624243112202674
-10.415651449589763 1.4859160172880392 -1.7529309306363532 3.4989080858064896 4.0791545422433968 2.3977720725852105 2.6219149936970103 -1.2053676575791767 -3.1191430059182661 -2.58602734837979 -3.1798210498024746 -1.135802493038734 26.359020251922406
-9.4567331864992887 2.6469895817741347 2.2723444229439314 4.8058546529887343 4.2514401451212853 6.1925333508909963 12.617392728874627 14.914711647189936 2.9565859525581781 5.01477881476094 10.861888554964963 3.4465863937308452 27.164550946321025
-8.6237827184330378 6.7001748353479638 9.1087105480535531 7.3346038686970294 10.992685809388957 9.6287274411309784 5.1518502714290921 11.831573248647326 2.7603449853396449 -2.0706976947415314 7.0873331801647712 2.3773482973727935 27.795556997859912
-8.9014540724029949 4.3358598010111908 5.237771242916299 5.1136655321030746 13.336554400548181 4.0758279492853076 1.8668104540963522 12.969708528298478 1.9623348912193534 3.7337661729977683 13.622821199995684 6.5095135046640786 28.32027808447738
-10.947749391386054 1.9387067086299736 3.4443940511594744 -3.6504621085206961 6.6758379223353232 0.79058164646717355 -0.062877105481602857 3.9150803801125917 -0.26008534440458358 2.1861877096171041 1.008248910585519 -3.7740244160870864 27.963806634440822
-11.722597479618269 3.3557881274940478 -1.2761863523692654 -2.5171556626947855 0.284541809834497 -2.4710812058902181 6.8498494765035085 -5.375301894649442 -11.389970651982789 -13.041581482571392 -5.7227155226032194 -6.1291337694617507 27.812904729823323
-12.245595016891745 2.2032830489874864 -4.6285480856291956 -0.064648607156095925 0.058294712679306332 -6.9851858313177715 3.3270142585224343 -7.1214810368194348 2.0657048590392195 -3.2549594578538508 1.8290033965317136 -1.0871154856603116 27.338502098521339
-11.17289184359359 0.254653108614931 -4.43800838856939 -1.0049530478022353 2.6038172691931134 -4.4515222679338224 4.7173792514290849 -3.4574452023409452 3.9118416867248924 2.2109639024873529 6.2643195776577558 0.86122985515729011 26.948598089373348
-10.590151561002786 1.9111678790190714 -0.90834098405903274 2.140412783365063 1.0373197717340799 -2.9821904675808151 -1.5227237114109267 -5.802874946184752 -0.42496031018413277 0.1879552397636923 0.51074996805186412 0.67068680173136586 25.654104540100022
-9.5970848087070557 0.8476941233796037 -2.4922768503946311 -0.91334613003465881 -2.1528373346976863 1.8812379244788557 -1.1116841212046105 -5.508509523078958 -6.76440004037254 -5.8663312539705013 -6.3171080289737249 -4.8165516944770195 26.998059137702413
-9.337048257285895 1.9940219457803872 -2.1221221567133384 0.6927517697295642 0.20769336755941281 1.3913257637926753 -2.9601330170633009 -2.1652597627432231 -3.877398985915073 -7.446292634278243 -2.4846811434082503 -3.5991755086637576 26.716550463698297
-10.12315153587959 0.856477266353964 -3.4975412336150997 0.041503320065096522 -1.6098375417220008 -1.6582318402011982 -5.1753883808643293 -3.5385791518821312 0.80612645687149354 -2.8307399949789556 2.422952655050409 0.25202992417486514 27.368369905554783
-11.124058207598326 0.14900254549103156 -2.7497704623901766 2.3625584965045534 5.6616229967498741 -0.71262633169020306 -1.4564126738405672 -7.4080389959294921 0.063646945339364311 0.39316477357824658 4.8258949519855721 -3.3457697524009173 27.429014061769372
-8.9544662734660925 1.1530302327819102 -2.9468463407222925 -1.8157402181557643 -4.0497221094404789 -2.1461940134264221 -0.13076531913341446 -6.2169893372219116 4.891105759621408 6.1658134141016481 7.385789899085264 4.8786674458147949 27.814295052270875
-9.0219802592833656 1.6125576948192137 -0.0029897430756975958 1.6504397305626741 1.2535649617828903 -5.6387867106402307 3.1987293523817311 1.418797133526718 -1.8281551804785894 -5.2735609418784408 -0.953298327237251 0.15830353380926934 28.03284682253619
-10.898826462552066 1.2742768831760105 -0.54927726005727617 -0.33985039751536039 4.7855601741825025 -4.9236022941762378 3.0533007394698126 -1.3162387244902205 -4.46499619052299 -6.6870666049835066 -5.6357569531793628 -3.3000135500082513 28.269539086545457
-13.070388385486938 2.6976187679359169 0.00131391529910575 -5.1953862732612768 8.7462577168290583 -7.3875939983136369 4.1865733188279028 -2.032478856869306 0.45727139095734987 -0.55102422486478309 -2.516913227206536 4.604206884599841 29.991521149786536
-16.33103781194518 2.7943056818979803 -2.2495904350236788 -3.4311887341788281 15.711643775611375 -8.7002357621236417 13.438863962964833 -5.6230188967820176 4.4222590489088214 -3.0901258730434655 5.0051707444185922 -1.4300981799656123 32.223747597787437
-19.808491657274555 4.198208100254055 -0.91799237451069171 -5.3602312384724655 12.906416034911311 -13.425957645056846 15.442173481838459 -14.683073107775623 10.052375273945987 -12.298455781424865 5.0336500433554905 -2.6731426591396588 35.254191460991869
-18.472191168526432 -0.52769203223259964 -5.073312783093531 -7.3948573271795173 13.030954735638915 -20.806046050307121 8.0486482471403562 -15.981004439933709 11.732593808083301 -9.9217552234216182 10.802837480111608 3.7952749554797292 38.827592000079228
-17.573066904764872 -3.9901507852758091 -6.8509896613668966 -5.96760217985686 19.219427383040873 -16.67261102921848 13.025720921555623 -18.743591821706236 15.678530116198653 -4.7309444052229663 5.0843968665975092 -0.72282631347472615 41.432797337058325
-18.199163335940991 -6.3572778726643682 -11.116738445491208 -7.4003968278348191 20.588589633647214 -22.016339791582894 7.4497073239797427 -15.954974410271905 20.00414242155988 -8.9019464863190123 6.4579042389009338 4.0070907649671321 42.395528629032967
-13.810528451827196 -8.4961593393757688 -8.8472144159441477 -6.0095256303867419 24.362643707712444 -19.803714287083871 4.4664120687304889 -14.585373209471037 16.368376984779982 -8.93572121572877 -2.2720401888453949 -1.9487023135230863 43.108247637254685
-8.9755991958752581 -8.6353398209270775 -14.332878250209237 -7.2311316927732365 20.853278195541495 -15.76756843246865 -0.97146668950465975 -9.9309658616691738 14.979447298173952 1.4298796009437906 2.3933247639107886 3.993927317621683 41.818494637023527
-8.54376730749627 -5.4930421322476946 -10.414030285916914 -4.6817893768892773 18.729590680795084 -12.828247037367296 4.0549101722470358 -8.7973963588801709 5.7799962918322088 0.78997064715342979 -2.4666612502527658 -7.1177484585653819 39.801104207073145
-7.0921065307373743 -0.44124949355913412 -4.7205518703907412 -6.4538934432534436 15.167358660377333 -10.485217819148266 3.9766105040002491 -3.4678581417999044 3.485483041428747 -1.0240326240876474 -1.8580826944891189 4.2819382733875546 37.354423939818624
-9.3260301937047139 -1.188389693458558 -2.0908118185782123 -1.5628093375833871 16.625060636753609 -4.8189083421206913 10.604457478741859 -6.000256071743177 -1.9250228492493136 7.1617350945032587 5.4955568847898171 0.73559118503533594 34.224008676198451
-9.3210735816168864 0.78188523906717478 -0.5666841842716579 -2.8253343564547047 11.940373164882347 -12.10523611116756 -1.5818966253416569 -7.8309434500236588 -4.6432281364724748 1.7087100167678013 -0.17158610711202321 -0.3073518411168939 32.84265689682703
-11.042088743947993 2.2175130833625194 2.9250444698244573 -1.9071925408119734 5.793087881180921 -7.8480956360451355 10.444626054616041 -0.19141473281916577 -3.1343059076376556 -0.361498891865485 -6.548350087993061 2.6862114333344711 31.674243447913721
-8.8056622337773458 3.4030319642079592 -0.65706122978931936 -1.2101270188738436 11.282404507687838 -7.5543946424714239 5.4402449868695149 -1.6988341349983467 -8.60463947988864 5.4208243470897681 5.0621565615498136 6.05557305502279 31.876782723513411
-8.512939684286037 3.6179947274435516 -1.9663803935522559 -5.1331263042293678 6.8092208050652294 -7.2269610701459843 6.5968731582742866 -4.0543919082369273 -2.4724463025710124 -1.5018858040002414 -0.75659391942367549 3.8895780281062526 31.417648282379503
-10.943719386163847 3.7865479626374703 2.0493716561652295 -5.4852263594110457 5.8778830661152348 -7.77720547344882 7.0470385718151647 2.2161074036711903 -2.9643648984321569 -0.23780899631575803 -0.58632482740767844 3.3776811279252521 30.7546282399227
-10.684945338169792 4.3679241488922136 4.057054220722887 0.19554708523838873 3.9019534765109913 -9.2511149591864417 5.2351497499130595 1.4227890638995813 -0.23346386467456748 2.1932390187522923 -1.4283795125532386 -0.43607727809911773 30.84987893520719
-12.522340675208547 2.0755052491069419 0.0891841887861141 -4.2751444650813886 9.69512709778556 -5.7451196143439018 7.4051486881030568 -4.4000211636023288 -3.3312251543517952 -5.2963772651607659 -8.2128583600977869 -2.4829890571336941 30.290549463994296
-11.23505377839817 5.8837133899254326 7.0493283032536835 -4.5945249882344141 9.5810623903056875 -12.181140610970088 4.6241577531056661 4.4382575311714554 -4.2083242380471333 -1.7666503113154404 -3.9752307668567188 3.243053808824683 31.331579796810139
-12.695150490261927 1.3411952369839195 6.31194026085522 -2.7042702059629571 9.7878522276686688 -1.9371311484270701 10.485361416086224 10.496795360717339 -5.0623072236654592 -2.1224175273790826 -4.3163648584708856 -2.6773657329593981 30.479193585165952
-9.3574628784732088 2.1357031374727904 6.5422717727920041 -1.7725217464118159 -0.82952699412972075 -7.9005422490594963 0.74398018326761484 3.8356395989213428 -3.6138654173435505 -1.9356940450872893 -3.055412708335735 -0.32189556963853022 30.300769902185554
-9.3045184587185172 -2.4126654003591343 0.14724981097145015 2.5829814456805864 -2.22667978974943 -3.2482958664900323 0.52819315258526545 1.2367793080921716 -6.9504974622416391 -2.541430513427744 0.24806069147767967 1.4929889675846959 29.060152974145034
-9.1331017863656 -1.8344172985504574 -0.798768900540068 5.471209583158398 -9.4618700724232259 -7.48913119784517 -3.1603019146189069 0.20145692888018726 -3.6228640117153632 0.68802072750818355 0.89507813430377869 -0.11783993943263785 27.584850763706257
-8.48748615601939 -0.31602260710039781 -1.5716217391206149 0.48605131457619977 -5.5232243621385084 -5.8694377132373114 -4.9571851741562911 3.0471634894461221 3.805569924744634 0.66781172931719157 -1.121194448500767 1.4334331889812901 27.830324413310812
-8.33844361647571 2.3697244799018033 0.38774782215956966 -0.030797368172127203 -0.31633292458360585 0.43124974776685987 -1.6216264509310545 4.1887956275910589 7.79717697495308 1.3480331468857623 -2.1271709519423245 2.9733962810081951 27.555449235361404
-8.4946606679587191 -0.42869782615425084 -1.597703618211336 -1.7809847567460593 -0.52706866736208546 2.7821895005166528 -0.82419411749055982 -0.86918699459204563 -0.63416707901282787 2.6497868764980326 6.26303229533902 0.16355182414638109 27.736251295846024
-8.9280204490927453 0.24741047550172648 -1.7302516147978202 -1.224620657261 -7.94769766457399 -1.6358254723180683 4.31476868449193 -1.8261779633676118 -6.1359436381154477 -5.9849549152992889 -1.1116968090867596 -0.57100622902532394 28.22092092390724
-8.80594335380728 -0.50597811156193329 -2.5740716411264324 1.1600367245280456 -2.4787533596895215 -1.7624764190750606 -0.87949904249031408 -4.5563017741447327 -5.8676302733700858 -2.160146177188242 2.2642762553895253 0.80905282795715139 28.483992931089695
-9.3421004952887188 1.4065987734849623 -0.077022341229423877 1.4050183895049089 3.3653008151382053 0.13642281732240261 4.8491150963689762 0.98787316798765767 0.826467403589219 -1.3350212940827098 1.4018596067805584 -1.08291749529162 27.080406935399893
-11.904498389875005 -0.95942809881950941 -3.9593803888144956 -0.50857877163392073 3.6396462648307555 -0.84669049510468875 2.8077633004830589 -0.034751088373752154 -0.84848505191749068 -2.7530864024075119 -5.8705556762941615 -5.2459091399253515 26.054976801848333
-10.971875442094703 1.1973813878290367 -4.8768599567229494 -3.0704588199520786 -3.070130350581397 -7.1216898459958289 -7.9024360136685354 -10.401333283692288 -1.5785107841666934 -3.4051894855942306 -0.67990015414732441 -1.4005002885231086 26.978241296505963
-9.6058623586460659 -0.26488326394492812 -1.3864257223349923 2.1743985005668471 2.008173022728255 2.3845573861690919 0.14988593918519466 -0.10857239688411917 2.2147322737672712 -3.05669881488438 -2.3342602366118088 -0.638567421447018 26.146999663443665
-10.321647696867833 -1.6922212771893488 -3.8883040829772479 -3.9840882654565908 -2.63590383030717 -2.5262414738474104 1.4693104751170702 0.25551234964376535 -0.26745659333510136 3.5459127112873832 -0.85477397173250225 -1.425968429303939 27.059135767235485
-11.046243340522837 0.92388765087589841 -1.7878263158638412 -0.67262976406362873 3.9025975775811172 -0.59118748422288492 1.1728595664001784 -3.1861809604385982 -5.5014289368688347 0.040255670036126158 -1.7271961601224812 -7.1924482992820735 26.968385213310984
-7.8711827865663171 4.7905628894037733 -0.064711698727269035 -4.700007180849072 -4.8967237469689575 0.32016231124908406 -2.8406884411433939 -1.0464656578498226 -6.4910314267984823 2.0969467227305367 5.460644204071218 0.1044766876003087 28.186694400701118
-8.5109685272119986 1.8214692201363092 -1.345324924601204 -2.3995313928544939 -5.6178885145610256 -6.0433931249368111 -9.0323392876827473 -3.0848674487011967 -3.0590243478846837 -0.11978366941764301 1.823207556698081 1.9853437143123878 27.863667803463574
-9.5846893887728175 0.055223030132348062 -3.2807214684888928 -3.3235073236123283 -5.0992835587395637 -3.2368107253375329 -4.0268431169641632 1.2141280883739147 5.7968408955889235 3.49275777331504 2.803272686523727 -1.1306877141846168 26.473521646984725
-10.117330910888223 -0.73075942926143422 -4.6349079020162947 -3.9031907855792038 -5.8184930623350848 -3.1130876372891456 -6.2657247661474837 -2.6740628961623085 -1.1016465260000299 -1.1492738818272157 -0.53803995561941487 2.0236102644205003 26.312385399075744
-10.043469006009746 1.1224631354838788 -0.58961437541707817 -1.9778841426338778 -3.2989494678991274 -0.31837164072169338 -0.58642499964429617 1.9467876167911617 1.3688495264796947 1.8202731322909864 1.399184443224476 0.77660436754942908 27.170407544094072
-8.3486279221786575 2.5792377103591639 -1.7738510059652337 0.77832768633436866 -2.4648479158107577 -2.2940945144499971 -1.7644594546052257 -1.8517157871127869 1.3346642450114399 -2.6284225661065568 0.97745560997079117 0.8963058583107183 26.672038708096395
-10.064766249010964 1.5129082781765635 -2.555332376431144 2.5046185824632969 2.0987850024167019 0.64955353685806749 -0.051494814675288825 0.80167111821116277 -0.41555680021328778 -0.88782263681261508 -5.0071650055974573 -0.73341429201078767 26.257546246533277
-8.1799644683478139 4.0196793487871663 -0.2132278608246598 1.6692319897725003 0.54002627742516651 -1.4734568449264247 -2.9732736776981024 -2.8576428584163378 -2.4653833876151081 0.31457292094087713 2.0198776155088627 -0.64240383520327571 27.418628319968125
-7.3842800653762524 1.8084678673264563 -0.46375533092978616 3.2956133479767695 3.0408455611742755 2.6268637460789712 -1.8910983475327587 -1.81859679288213 2.1587098487720531 4.8059720797266 1.1915923232339041 4.3479322574012942 27.645295645107975
-9.253492956929481 -0.39389074057961537 -3.4639042099574717 -2.7774623445720721 -2.535496337573734 -0.85335145688292247 -0.30235881063527276 2.2530785290842661 0.64093964616247523 -3.0441129197264183 0.78957459682172626 -1.2318104610353156 26.866692259626554
-8.2744006173221543 0.97621956829192713 -2.4340255013742196 -1.9638277958369401 0.05870373032657776 0.28353515989350836 1.5158950173396084 2.8560250883582694 3.9545325314345585 3.8617652675025842 -0.29352165394472129 3.6385544012012736 27.667004607809563
-8.9684647564627173 3.060794864763241 0.94428893805736935 -3.5718944910394828 -2.9289067188131637 1.3003897719414876 -1.6118901384247595 -0.87315759272155236 0.94747512262961009 -2.90224411496301 -3.1212837566148233 -6.0857422264457064 27.784599473587669
-8.2925635146040868 2.282198080565633 1.962166347951896 4.718178966866863 -0.25068942798005989 -1.4271099506714766 -2.0210526250543905 -5.3827333497946332 -0.11041997775746253 -0.53176345401704062 1.7695645556542658 4.0230438606611569 27.513130602454606
-6.5006806195832345 4.9475952434468278 0.4484968893077555 3.8751304539606375 2.5160421922663749 0.4742894488280594 2.1458944626619059 -3.4609785296666371 -0.72941382635353258 -1.0238741636376048 -0.57690705713593471 0.47191055222683209 27.886854378849613
-8.2074873449485271 2.9996098104072946 -0.062403994278535907 -1.5487590421494153 -3.2225570881399994 -0.58360849137511206 -2.6873920594657714 -1.4782493023572809 -1.3247255046512192 -2.261704844756979 -0.55939665462484478 -0.89213330293118331 27.090773429359867
-11.08550764782613 -2.1141401401698019 -6.1670216296164719 -3.9954637925370671 -3.5712290291149866 -0.93910992779647029 1.4888178717740237 -0.2581357461538939 1.8915425503712584 0.81626106850632707 -0.077190054608499981 4.9971001423618056 26.6618095753462
-8.94590936376948 -0.73338786110376442 -3.7907493757737196 0.13522420075659475 -0.087446409365659991 -1.2237539862901983 -1.3813918984329767 4.3697958027233863 -1.0686415867320407 -0.17657198564702492 -3.0307866056168837 -5.5580922197384348 26.826024184007245
-10.273823635085234 0.39834388711876295 -2.3943637127007209 -3.5568165096019704 -5.0482459180905277 -3.4203439103751987 -0.44760140537786558 0.93306603850224823 -2.7106133956810377 -4.4959166856860371 -5.7061124886432406 -2.1902995987337013 27.006146226395366
-10.167438603883653 -0.34584371993705726 -3.183949941795432 1.4343168486616076 -0.38101653491350257 -1.47118729318754 -1.6619828640793037 1.3037913915106034 4.9139709699923664 4.393155689834316 7.9775056691917055 4.4201698475526188 27.391375512037808
-8.4880805262025216 0.61526765957997875 -4.2884927753515525 1.7303352513974617 -2.7443697266045954 1.0129543212555323 0.27436975220092985 6.6090750874735429 7.4538352102588465 5.0940751096950949 10.537449412519296 3.8072334708665414 27.84251265001075
-8.3463241487425517 0.22744206440983991 -2.8297098959164209 -2.2809156512261266 -5.1440162490884154 -6.3509282537324641 1.6822658032216824 0.11597909432402397 2.9637920372448212 5.4060436260958529 5.3387192828814332 5.6442219105200895 29.240902413664912
-9.0433898192907183 0.90415030716562761 -0.136994555988867 1.9757213425457978 -1.5412183521505105 -7.911809532670512 2.2432169127762704 2.7517888834416246 0.68890092247418133 -0.24122784524876298 -2.0796910362393586 3.9877306032892306 28.944911441193529
-9.343362515259253 -0.644594358880687 0.34930741983919977 1.6967357947979043 1.5265967226509287 2.403065387958327 0.92142966956600592 2.7152679101113733 0.022318393411284054 0.32885263723472768 -0.41294432718428 3.9008949127157657 28.498528540038272
-8.55772566893125 -0.47914758090877552 -0.16652119773053392 -0.65259527437780418 -2.1400088392082419 0.836659528076066 1.36258195140717 0.62314267671279933 6.9385543667281961 3.5900341620708551 4.704173864571044 5.5513922979945107 28.328310273126096
-9.4107600685133779 -0.52842661575251348 -6.3719227910852467 -1.9674148331436305 -7.08576220977795 -3.7846718334675598 2.8035671407077594 0.33869558884386869 0.5517615485534143 -0.10214984083909341 -2.3846892228343619 -3.8163716689060787 26.569860933515017
-7.5269658763862033 2.5308598808578471 -3.3728533987317233 0.38150752723464237 -5.474924635725027 -3.310497906926646 2.4875723322767564 8.01876650712813 6.6068809819759817 8.2299806184150075 3.3449938113278694 -3.1585679921945666 27.65628499726742
-8.4156201112973417 2.5772293156381672 1.1663788464808833 0.16199673032894407 -2.8106506020765982 0.51695240869770676 3.7777474341102959 4.3730333201287523 13.601534004848233 4.6488896929351231 1.4703577727049457 2.9488083039762616 28.470131291723398
