-9.2662413704408877 1.7178209168188787 -2.8186841080514102 -1.3753394500027667 -5.0279983417580008 0.57758357861395127 -1.9018179614544981 -2.1379920425730448 -1.2146364209766478 1.4826380290949079 0.10549553169568399 2.267370790087587 26.6854023431726
-11.146626710560916 0.60405375801284744 -0.29879534852126677 3.8582825554316447 2.7978941438539842 1.1934610801809913 -2.4487865629052603 -5.5395056349896752 -4.517278910325139 -1.4212409910218133 0.999135426653835 -0.650802145245448 26.205114530993168
-9.5197478409413545 -0.12608754916257531 -1.246521854900593 1.5859096941623447 -2.7696497419952233 -2.2243002587555027 -4.5103246959567889 -5.7334325668877391 -3.3714952071566526 -2.0285503767454376 2.0604618845291389 2.1989251826339462 26.584333817412535
-10.976597560536735 0.81220225066006446 -1.4633298735836149 -2.7358738701889682 -2.2416545731113122 -0.091940074683752149 -1.6243064383954802 -1.6535895606636579 -5.172317213198987 -4.6711022843324095 -4.7552912984209126 -3.0789345179852616 24.882479174065519
-9.74023305111433 -1.5299573313502881 -4.7241727052731024 -3.736959335664976 -5.2381305019083388 -1.0505723967732412 -3.2242975369878817 -2.7936100701667272 -3.5029907853577891 -3.0866605362160779 1.1221343223307145 1.0871777509936249 25.80101359319422
-11.021074581821885 -0.53848618468351483 -4.0066963615391948 -0.6905023241854138 -0.99682552405836122 3.3109561421404763 0.25789333541229226 0.29937421698976463 -2.09694581621032 -8.9935181353608016 -6.1767598112188491 -3.5197541455933163 26.433399552860283
-9.06131329835228 0.5920632202301952 -4.764058314937647 -3.8416866205900089 -2.7980585304852381 -1.9779845812038739 -0.97937397670424164 4.9365278664117982 -4.4282196386036192 -5.3758829381017028 -3.7789821254278624 0.1343018354508804 26.425752231255498
-10.331806996102351 1.4644836554215721 -1.829541971862332 -2.6446727254119091 -3.3280796315503083 -2.9636156360143375 2.13742966846343 -0.82792861028663123 -4.42614085513094 0.67559977066199028 -3.726766931919975 -1.5569172868870744 26.4819046174906
-9.5706528805119788 1.3700638750170482 -3.7988661436544398 -0.17839803790022002 2.0847781086055104 0.78925476456394483 2.5877200608789233 -0.50136603726233275 1.7367642940344077 3.3788388905142845 2.1167473116700779 0.026850309328368217 27.112746754904478
-11.390000826564384 -3.7037459497148943 -6.2817416851981651 -1.3696238728832613 -5.4146743987611785 -0.37756917161047687 5.086619602073549 2.7886754149831043 1.8410225015654813 -0.92380456548575707 1.9074205127565094 3.0281258481461886 26.136890768475798
-10.447623584100127 -0.77241282739666262 -1.0854481755688241 0.64884601943084685 -0.24652790739808714 3.0037529556423981 -2.4389320359575186 -1.4343917971988902 2.7848529187134 1.6703212205585061 6.960805347256807 4.0998596730003838 26.26401421718051
-12.275580493172814 -2.9313805005335203 -2.9732317089652747 1.0576987706685961 -1.5454915158818634 -1.1960029045897649 -1.1896896813233622 2.808953737169801 4.4670034249445285 5.6190558412578611 -1.5367794340640488 -0.43721621416073786 25.871536714216322
-9.885959054904486 -0.91138643418038512 -2.5603635853447893 -0.3051744706707003 -2.9935288818470731 2.8858359853105258 4.0246466675654275 6.5163098447980285 2.3210096159948117 -1.7715300938320642 -2.6924475964495471 -2.0794683790324222 27.156050077203687
-9.0052266421762912 1.733166148670656 -1.5385954787816689 1.7218679942380923 -2.2696166067091772 -2.3280182485292937 0.1805211512237419 4.0860450472392245 6.4653785998768392 1.6162671805568305 1.0316162298285123 -0.478475469616642 25.953409341337011
-9.404753349955211 1.2306003631659164 -0.84335098265998476 6.0063165853032308 4.7692107845253622 3.06954297299081 1.2628266439064233 -0.742243084280828 -4.4664497686353117 -2.90455439631584 -4.5205916439946776 -1.5643694813098712 26.20741024245055
-10.772116983775899 -0.90071778087733856 -4.9333135923126941 -0.69338737568908748 -4.3659401768652319 -2.2985050030230578 2.1021068691136335 7.8154718086398374 1.1906619270486625 -2.004695558574296 0.556173329119823 -0.839787990208665 25.72161443075202
-8.1110592638233019 2.4361328756787484 0.55131898329041251 3.1572351649762735 0.27143481023707783 -1.9079305727705305 -5.9712412097294951 0.74857408100911194 1.5638901966049543 -1.1985802745299003 -2.3091735941676106 1.1991316669581293 25.940138249408687
-9.8405055104934469 -0.029513014198180219 -3.2892236336180094 3.0749361671818427 2.0209975295205966 0.758193676183005 3.2996838791723153 5.293210423340529 5.0396288910213753 -0.029786344655564536 2.0059737087077769 2.746647629080738 26.086429803516356
-9.259963532437375 2.3331628019703423 -0.278084612415865 0.37344378458920269 -3.1624032213961044 -1.6029617123315045 -4.2867918721483171 -2.6310442318821323 2.2263180656404371 2.2278743284806497 -0.68519169867633689 2.94521465941335 26.049664616316928
-10.695225456983321 1.3350848306841463 -2.0596421758252923 -1.3480956328943206 -3.4570528937499927 2.2149573331016241 1.0260454763203051 -4.2931235848848477 -5.0705299710009735 -2.5045410316579479 0.78748755676960913 2.1179869965100475 26.176907549984232
-11.320626435195754 -1.0630860979480716 -3.4892618956987929 2.0364583970490195 0.018336317861781453 -0.87388114382936344 -4.6236550237197545 -4.7463015585949444 -3.0494429588425644 0.38690293995195174 2.4547722565303585 -0.034286401044193109 26.4899059413329
-9.67423911680028 -0.32141417290157892 -0.055580323384755874 -0.50469067811215373 -1.9049467959927771 -4.7064659701209832 -5.5175366466377387 -2.301588321492992 -2.9921474365488718 -0.0609830270835525 4.5296586588497929 -0.098749888511408 26.181622374354898
-10.088413288931269 0.057477338287836875 -1.4157636903443185 -3.0165902987180155 -5.1435885045476946 -2.4252981653815704 -3.8541879242080928 -0.85289449502128589 -4.3848664144927234 -4.0563066090393045 -3.1289066294628993 1.3360837166702064 25.371659961633458
-9.7215868787213822 -0.73260590307965312 -5.486435260844 -1.1639189310144016 -1.4155503953142505 0.26180812342436149 0.524129415735109 -0.397473541367307 -1.99576311206579 -5.8741130335429288 -4.73538930133104 -5.6694091051149282 26.757843553983545
-10.610844568636958 -1.0923117003207832 -4.7584908080697339 0.63718681636982644 1.6938846491077579 2.3498331561638008 -0.35303185506529161 3.1785766753862918 -3.7927083997669073 -10.107653416871594 -3.4780468573136405 1.4177533957093986 25.82346274235482
-10.232555469381529 -0.45895477290541042 -3.9664270879859949 -4.7239388735563583 -5.1905183603904339 -2.81210327114043 -0.11870076814728099 3.0237458094507463 -2.1853323355800636 1.5744447488129547 -0.011535645819881368 -0.13459017283727781 26.183556434226993
-10.574707735920379 0.55075021443207151 -1.8968538618854656 0.28169840225903742 0.89213295799246239 -0.050342463709102434 3.2859542824269652 -1.9739240633158388 -0.92764409424270322 2.3682048866461263 -1.9012534331761421 -1.8111609112859712 26.555272750736648
-10.109500890331162 -0.9199580164666713 -5.3837702267607543 -2.5186723841921577 -2.7822580813901534 1.7277972100885519 2.1386189394434258 -0.33186749179945996 4.8275385511225366 4.8596186344001406 4.6640320437652276 2.0484061263520035 26.930066779509197
-10.970371144838941 -1.8929530992394838 -2.0940671169158649 1.2671408257434289 -3.3271943261363566 -3.4832069930783454 -1.9309154900778305 0.667464312927711 -0.44185568855492852 0.82064723205967027 3.4405596077565761 4.9705667691801194 25.859576370066435
-9.95183320691284 -0.0032981464430310208 -1.6928976682235273 1.1895333896834903 -1.8802842864728246 -2.4920435095843261 -4.5789528590570852 1.2608511493823873 5.6419731717786057 3.0210380525371106 3.3792385676676666 2.5978696681421063 26.491679087700774
-11.032521578454112 -2.0004973077712234 -4.528997806813047 -0.64383161176722314 -3.4268707908024032 0.504961490075301 0.47546339175011276 1.3935078061175465 2.5354300293752474 5.957934530116991 -0.93707545576455764 1.9244834439141847 25.852947695960868
-10.892294351751691 -1.3681763636338167 -1.5697251320382521 1.537318931273028 -0.58077130526406262 0.88808767628880314 3.4250755841671681 4.5410681521384326 5.239190001494304 1.6605739767138703 -4.779459716106965 -6.3635064662486 26.904308280482386
-8.7102205083371924 1.872406985241089 -2.1781996600984259 2.63992802756044 -1.701345807128793 0.65310903929124364 -1.3777502951555081 2.6679314206062616 3.3140045615073355 -5.0287526564789582 2.2439255950290953 0.88304572989919716 26.418998727568265
-11.247875373737749 -1.5256197067500123 -3.7017755020868188 1.3075498221915647 1.5946104480396628 -0.10110030219539749 3.4807617758982881 5.2732251189349508 -3.5498453683137736 -4.4313465154788112 -4.716732825309025 -2.2670531013833952 25.800678988594193
-9.2162801101259131 2.2093860024187895 0.32922026045865066 0.31751948023553 -2.6047015910404414 -3.644532347952421 -3.6398962636582057 2.7238621386191073 1.5995570087285045 -1.2864780368214737 -1.6367987009046279 0.95653586370610566 26.285266970728827
-7.4505572106486246 2.1402243468626825 -0.28313770096792074 4.967993929697184 4.3917305647034 0.12679948492969656 -3.4424555630393257 -3.4242544591110664 2.1457650641587169 -0.27201587127712074 -1.2091557036326053 3.4116561941598715 26.554400681023747
-10.624595481013591 0.17201031478259374 -0.52297990250985094 1.3739643787336051 -1.428599751789746 -0.70982265639429076 -2.5204809418843896 2.8513132060777089 4.0771122946795657 -1.3316900773782072 -0.16451711462251023 2.3552793244656134 25.573512390951677
-9.1933912887186064 1.7835693884534176 -2.8315228000590795 -1.1338711593302762 -4.8053310272289727 0.35935844553871749 -1.7588580922677222 -1.6745872811812361 -0.43560882123008093 2.03240874334862 0.22399488406339629 2.6836597096027091 26.647373499631637
-11.0740036902297 0.78423699360648869 -0.37035862539503545 3.3723144843599995 2.4964356436527635 1.3932686234929255 -1.5502043476237093 -5.12822460987446 -4.5385441699650384 -1.9854897645592346 0.781570893809543 -0.31172512758665932 26.155232777284709
-9.7104189460584269 -0.16358778662181075 -1.683789564516627 1.5904921320788603 -2.9251250574651024 -2.0862723591872361 -4.1314650757507492 -5.4857996595531127 -3.36319288419845 -2.0761418043611211 1.620795459766782 2.3837100699783393 26.558600440731631
-10.861802176925831 0.82490950843218869 -1.3336217810563258 -2.2615190198319004 -1.9374936344344162 -0.41828485458817993 -1.2023550272019417 -1.2144342486034017 -4.8272693266463582 -4.1627270707021617 -3.7647182735029965 -3.0267425022021492 24.970063284671188
-9.7812426126144256 -1.4528908666540614 -4.174030702832769 -3.8548074041394438 -5.6263376602702415 -1.4189566287940036 -3.6408709313682781 -2.8641534705949807 -3.8504998796368941 -3.0881645035880148 0.95129252296911671 2.0521794061103509 25.719340424528017
-10.845301288047303 -0.30539804655352093 -3.8279304886046495 -0.75212295648407179 -1.0504640322570029 3.0341836564532589 0.28451480974830862 0.2332236576800224 -1.750349602658885 -8.5285549929996911 -6.6158691384920036 -4.6046462712151044 26.621389014148075
-9.09791279594759 0.46753551704222063 -5.0381629918958764 -3.2668217378641127 -1.7562558449129866 -1.9129473597865885 -1.0627650895016505 5.3538809590205458 -4.8502546841240752 -6.3972582858386788 -4.1833299867302536 0.30918800367712573 26.366499484880261
-10.319113071486633 1.2874592128073534 -2.0422750829831413 -2.8675360185727841 -3.5878350132246215 -3.0102463972639466 2.2738363706118907 -0.40615928678778596 -4.7146277985666769 0.90627583567906089 -3.0840990378899344 -1.44853263416139 26.430816847659582
-9.68550890186948 1.2452508889731662 -3.7196545485241965 0.20734533538140262 2.7806185368690679 0.99438607256195977 3.0510334619269406 -0.19947467255923412 1.3002056130631585 2.5816326999912813 1.3527819439024777 -0.28497554238868272 27.047206884358012
-11.353380837346306 -3.798991295479468 -6.5273597527604492 -1.4554044750889827 -5.1740460569963851 0.49058066362579067 5.2823791699563891 2.7974170493787738 2.770361978756402 -0.10055836990558924 2.6632585148703205 3.316832813314293 26.243696550676841
-10.640101762559027 -1.0078599159697523 -0.92438301363161 1.2146538511656022 0.27545426383728377 2.951513572857011 -2.47536801534682 -1.6719544299978881 1.584377848846007 0.94368193837933723 6.5987240672775727 4.152956065854565 26.20244092023092
-12.048233997245442 -2.5248406636555627 -2.5658245225706731 1.1155985972147748 -2.0051423257165797 -2.3195599466846124 -2.2266626034571715 2.7695012708903337 4.5160149746560379 4.9202712675953331 -1.8477021476105564 -0.93221516706123908 25.959553812217354
1.9547735653629819 -1.4620705242460039 5.1498573188661 2.5484418725348754 -10.792930706084727 -0.89035828336928868 -7.3200194134137915 -15.656469680354524 -14.351508457653853 -7.18728509440849 -5.071058353776758 -1.8177483158885113 36.620049906206994
3.9335934613216654 -8.13317251393216 11.026462620941924 -3.9844884777487253 -11.454048031428851 -13.051665118121576 -9.92836584759413 -12.861519612990758 -20.574469559122637 -13.113667162306728 -2.5304404506529705 -2.7569076978663989 45.77761393214444
3.4926202471896888 -11.610052640322149 9.38286726178103 -11.494283881139294 -12.164495230946446 -20.232894541086747 -12.834421893874966 -0.76290768883164528 -7.8663352135304176 -2.5330981688906546 -3.9861129960701245 -7.7708350793297116 50.014433474674149
3.6914521208570878 -15.457170467381548 11.427528216881081 -20.971560468775319 -4.9242518811154774 -12.400083527854402 -9.6713185690875871 0.053963379135446257 -7.9191810480519385 -2.4098631258733629 -6.9063600243812981 -1.172063050808672 55.652803582225289
5.2672073659553273 -17.254999764629122 3.4843077718159168 -13.10994815284843 -7.7341228408400413 -17.283389029275607 -24.428095670885931 -1.4168906534732859 -6.8762810497602151 -3.47734748926155 -3.55927009610137 0.15886090362078989 62.134338599103764
7.4090960805326462 -22.216936341541164 3.37900374821355 -21.894001215433356 -7.600857154080968 -18.347770594560263 -25.31810317863906 3.6384928414332514 -3.4992776390501348 -3.2029779591699983 -9.9266889112228487 0.12396258274076555 65.3693243354345
4.5132952306115817 -22.108997094842003 5.0636145770022818 -23.197783645332553 -3.8060399928174644 -19.583661690935813 -26.598605770817244 5.4764530148198087 -5.6935307094318475 -1.3854125861867281 -11.497900546497931 -1.6910926389327008 67.246893838581471
4.02816880153381 -26.103527599951153 8.6599773907289634 -26.760436862813492 0.560007782302876 -21.150880445820778 -29.526712412104391 6.9087349517293539 -8.9128363653123088 -1.496143292481259 -15.305950982016938 -5.0928715535661411 68.696143790922662
2.6336937336133888 -27.866112509606619 7.8228895410672834 -24.573176854499749 2.1473252966383543 -15.305724264150216 -26.387434365827282 3.9223918833809321 -14.390352568765818 -7.1543820452958657 -18.389697058775631 -7.59522360626816 69.874780771716345
4.05089440799488 -26.788414230263346 1.9285899755521145 -29.006875856927543 -2.8547332033360076 -17.479834494393817 -16.573478314469838 5.0743747426608827 -11.840507167104658 -8.3491514229647219 -20.315041220651803 -10.965497648192773 68.488587917401659
2.3163038375347904 -22.749878780408704 3.1772652572656388 -26.180255157833102 2.1187727357096002 -15.927958612747569 -13.285552220109038 5.6974553656489615 -6.7589249446835309 -4.0486961394571708 -18.912970792576346 -12.051480115377583 68.883222550426368
0.57384582535382256 -23.751154204994275 1.1237641257174544 -23.736339331639439 6.1894146618366133 -16.936629032011787 -11.766471997453067 1.0516586120747844 -9.3332143359270763 -0.51327515073708485 -13.142525541883622 -8.0159073516179955 66.976976045933569
2.8363595512807587 -19.328777984615336 1.9138402578126064 -22.627948547340146 11.358312288581992 -15.395468400792355 -9.2037203289550522 1.9931594062665894 -11.708776736144181 -4.097958873348273 -12.065924378351035 -6.2703506147039292 66.686881767086376
4.2232401587798112 -16.551012477761727 6.7454355864509719 -21.097885981345311 9.5028796285653065 -12.383028572074048 -8.3432265930193559 1.4841935526795467 -7.51826973219514 -1.1808453109250607 -18.090169091802451 -10.184511483036021 64.874348157247624
4.4967509724342722 -19.095559075150287 8.5144247795654948 -23.092900107586082 6.6221708610336512 -16.653457684957981 -3.8205682613045915 -2.6143080401510552 -9.6128121599702041 -1.3520967815867486 -9.5893965444578768 -10.480523414562795 64.29015298720735
5.7857632883797026 -20.326874638662883 9.3700584497436488 -23.886263966556239 6.3760736858305 -16.443900397481208 -11.45851878763664 -5.5378468487053389 -12.988900238495953 -8.5531678553825561 -22.540402713839462 -11.979207550818202 67.11318996330634
3.4758292348939364 -26.199969498133822 5.235738706029041 -25.626748524119066 5.6437792990654874 -9.1192880950667874 -13.61705579463087 -4.5555496128796413 -2.7745568575234261 -10.903914335784743 -12.130876482363462 -13.671686841143408 69.386285813151872
5.0001178281169771 -24.743163540322715 3.3772858156156436 -23.089729274776193 6.79730754226742 -12.178422690831805 -17.391605605094938 -9.1683803376041428 -4.7085581131653047 -12.301067076057212 -16.852049550533444 -12.86605405146002 71.229272849634114
4.9255174303617171 -23.886409348598171 7.0466001774209834 -19.863702890598596 9.8455733346755139 -6.8090649427226273 -13.689189612342719 -9.6722181821713953 -10.257318147441024 -14.582394973433335 -20.82050872451239 -10.577783911721195 72.210906000859538
3.4112840878242241 -20.976097387196376 5.0049325716376183 -19.769227780638229 0.9710951196084654 -3.9670793428057234 -13.527271011582616 -5.4668554775885614 -9.21237606635208 -13.285794866176705 -16.1762600697567 -11.459784375815476 74.331359065774663
4.254227649530943 -21.930710795363826 8.5605084810592036 -20.953815409209955 3.9045950910963345 -8.3180307323674558 -11.960446533880329 -8.12642242126271 -8.18759872015229 -19.15310125234 -14.098837983181097 -11.455055986239454 74.625919934509213
3.0289514479967812 -19.523225578598591 8.5804325278732119 -16.353455538401352 1.1437814065353824 -4.8608081408571611 -13.925332517490002 -3.80001036934461 -8.9177721898942046 -17.97490568730284 -15.821949376591746 -9.9167215754916551 74.677329914597181
3.6372089125389313 -20.907036021186467 11.927088667990796 -17.657707102056495 1.6285664528907973 -9.6786214074677179 -13.673856241981548 -6.1420203640517963 -5.5349669860847195 -21.955865961471073 -9.83576335971214 -9.1672976186664847 73.331566686652039
4.62235212765964 -18.786719677394661 11.723309198036794 -11.957271151700549 -1.7149679643163529 -2.9694348253959575 -15.218767093985193 -6.0762223280505037 -5.1654790320708717 -21.662516106245466 -11.703865431799276 -6.7168739957435291 72.570574428974467
7.6343615038679413 -17.031583026687645 15.043365960197287 -12.623169910403638 -2.0099516077668307 -10.722049296439311 -24.868011959740333 -16.702464008946048 -4.0596404246312838 -15.212971459644072 -11.512133896430518 -7.1831741007161858 69.537511050844557
8.39347688547467 -15.834195265695326 14.276491006901095 -13.747012130878385 -6.1153948715801443 -5.244139807925591 -23.920067916017736 -9.99086884994113 -2.3944645419883681 -14.05338172323977 -16.648661174829865 -2.79290398863567 68.53851395521211
8.054112379629581 -14.866320484227455 18.26173526814847 -13.63300644648138 -7.24923893386725 -6.4826239356090412 -21.625021645852321 -19.129626851666462 2.4429510073294414 -11.317213190432659 -15.807908238050086 -8.3047284040228533 68.101706567697832
7.96166010554652 -15.203986939814927 14.654126085777502 -13.995729042471858 -11.380179666173332 -5.7674863501148126 -23.738463641892608 -20.698172879613551 1.5166223097548368 -9.0550420718991482 -14.130102152776006 -7.5345004717869015 68.067888107501446
7.9724835240709071 -9.4364351230776151 14.894185779093052 -14.578935689900378 -13.929386088636305 -4.1647077181413081 -21.020626507716472 -23.491953372120658 0.7003016663068935 -6.4978401349699491 -10.291925119694936 -7.8699792330791629 66.80331321969976
9.81985315189994 -10.43127117167735 16.092125032628779 -16.250845808562211 -18.863291335335134 -7.1555095013979892 -18.6629702431777 -18.24932873346739 -1.7149953305475505 -8.1729398550713714 -10.760996828200124 -4.1992669233632087 64.494599566786931
8.32815372815518 -7.4680498365733561 12.903949124801 -7.58217915955827 -9.432894067992823 -5.5177069810963015 -24.140302711762665 -21.496988251016141 -6.4018718185237571 -2.0963774516862714 -13.639733577597422 -1.7370812080231204 61.777285013281151
10.196524395150576 -4.144763846629548 16.001989645325725 -13.585825007508646 -4.6737175137430311 -5.7673028932263177 -14.282591640067347 -15.063803421616633 -2.61768780072321 -1.4414833843380257 -8.843484125479339 -7.0775774622660439 57.067609515733075
9.28553179449116 -1.0345668869167728 15.741396307985621 -9.4025034143551949 -3.194698752047914 -1.7334930747170088 -17.452864671632035 -14.758065515423052 -9.4888645114838486 -14.196605686473889 -11.242675040195083 -10.211204078687315 54.410022169759088
9.8129484746561815 0.714222189314941 17.816683666802849 -7.5273571531181167 -1.8840748631585715 -4.1162144332735924 -12.882095480756606 -17.570758868693531 -9.0172371263704552 -5.262482483704864 -9.694236375958468 -8.23973055006143 53.086809559633771
5.950592465929633 0.66730965308834245 16.206477676935886 -6.2171948803130022 3.9291800943637156 -3.4647603542401608 -11.025907277630333 -15.907419091758063 -10.142013422558591 -1.8972117658321448 -7.6907714784830921 -4.118613478874523 51.948143596331754
3.1344078589219335 -9.9818737927773658 4.4803731584450484 -17.269784548233787 12.42562203397746 -4.4881817400545394 -9.1703305902727479 -16.975575446846065 -9.854424109226585 2.3623210200865237 -5.7413571118405979 -3.1774898401092186 51.9278300842094
3.7494219935034643 -8.4584531063323514 7.0996710828261413 -21.157829090965464 12.557129733919977 -6.3422468705461652 -10.352083389647547 -18.128862396801825 -14.56917303383208 0.4056343952158768 -6.15387604296442 -10.397706612267301 54.905434116925733
2.7072849593564166 -10.806068067974218 4.035663717656278 -24.367973746274192 8.1039866333592059 -4.0443504393122529 -11.556304791691662 -15.345515677711301 -5.3316986813245029 1.0073746822711807 -2.6273908120779774 -0.71429152545763341 54.272579277251893
7.2791870929205471 -9.0165786402909145 2.9460930277947774 -29.217052338992403 7.1847768585679113 4.1914575616400276 -11.465843966000412 -23.403512443867189 -15.955421789607531 -3.0763192335830882 -4.2866685744493394 -9.65500371717717 55.9342311150983
10.224516672537918 0.74845710711765134 3.09327947188011 -22.214983053938159 -6.18820019890575 -0.76423564467315386 -20.826162173391118 -17.439007275531335 -14.705759596071626 -2.1301178610673777 -4.0319502800871376 -4.718118793511775 57.888207589365194
13.564088818671065 2.2697298432884723 5.2599191912820826 -29.928211353168408 -6.2196247015091046 3.23472935399702 -20.003081157102468 -16.81161241668276 -16.449622847329071 -10.699379228204613 -7.1850219092134218 -10.683827004948721 59.352754126280757
15.69212228636713 1.9220275323993723 0.0445782067751016 -35.19825974430367 -10.137931569345579 10.984137820211368 -20.267525197115077 -16.444213457923464 -14.295272148520656 -10.517733400882797 0.20289209351403237 -5.7865550080406232 61.828693914433337
13.803293657130579 1.2607054566149436 -2.8111607095288855 -29.144860462269339 -11.327374337161064 9.6831096181119634 -14.090130030030304 -14.500563735797087 -16.982957690688767 -10.142996064949973 0.31694449784679435 -6.4394094055292781 64.862990855970608
18.102134315984312 -4.14634734504832 2.57667888698735 -36.85440860980529 -4.9446048141420613 6.7126573674983723 -18.909222513241758 -24.271507175040494 -14.719852337611519 -8.9383443521208488 -2.5681836710445038 -4.8657306529668682 62.678582191650563
13.848280518558365 -3.0900344344809558 -4.794086278200334 -30.096048640294931 -12.778068793393764 8.7673197503025619 -19.861005817497915 -16.052264401323015 -9.0170028898790591 -7.6327168650553965 -1.5209544333557838 -2.5146949961998417 66.624122627489214
14.890717716966327 -3.4469841826869558 -2.046216036940451 -33.85213475419382 -13.553188425997471 10.645469398725909 -16.191537928040237 -14.673658943267705 -7.3159275330442517 -6.9070676579347809 -6.224229980359838 -0.13373758958899237 66.0659938034852
14.776446812049858 -0.56788939527615723 -4.5449656697833705 -33.059784862905836 -17.093842277480551 5.6165254233168085 -11.964486197165403 -10.319989793322076 -9.891299969988415 -13.600983276593142 -7.9844769117443573 -0.55234352314451618 65.542121891715055
14.41774130636213 -2.3142722896575112 -2.228248617083886 -30.92856466818068 -13.333309933529991 10.137898985831427 -13.914334894366917 -15.125635371610718 -8.9677524640103758 -6.1937464150717387 -1.193351888072236 2.9460565311182387 65.493133228731182
14.540730125367125 -0.98114968986078166 -7.3863482802858531 -33.7833655068099 -15.808038646413053 6.0969461853577389 -15.286752621753427 -13.866490579216977 -12.570990830802074 -6.9693809950102006 2.58092059261939 -0.43379710619069795 64.232109559707354
17.201767237384523 1.7584007570039855 -3.252227156950112 -34.535226372563962 -16.1673612786394 5.3382526831546038 -7.3800497255294708 -5.7219242943388888 -10.133274707933952 -9.6389119379473041 -4.2254974798445977 -0.559291096923777 63.002321157406847
17.959431380522073 2.3026956031353305 -5.5105477764328068 -38.502795439172786 -15.641144955162519 8.4600036772900431 -11.480984337120477 -9.3409183465381815 -5.63480283113531 -6.7248023234958323 -2.7719210944320083 4.5032130624210192 60.820865308135168
19.4350286102064 2.1914979916754973 -1.0151078768993691 -38.827787860226287 -9.7454292762380224 -0.66272244437663674 -10.752475426937497 -7.0606827867859954 -12.950290095940016 -8.4255916321876967 -0.3081026843165291 2.1857504333770184 59.382265957856809
16.13203018881169 2.9209048207900348 -5.6011047510765213 -31.103432578676696 -12.068618109236096 4.0337552829948233 -9.7586045912684671 -5.4391937362522276 -10.790560554844465 -8.1619275468688688 -2.6652558901552794 1.700791642486861 60.205536211436879
17.064807981598911 3.8702597716764648 -5.02373676138334 -31.04308859210354 -14.264845372746025 -0.91509072593512852 -13.326955768271743 -7.7786713747883738 -12.436798186986556 -10.795669868728124 -6.7017378525770948 -2.6339014193941011 58.281430392057068
16.217963571216192 4.6303350375098065 -5.4338348889321963 -24.335262335178058 -15.215928854378186 -3.5207389971736829 -14.378025944456496 -6.8020581385527423 -10.442886613737853 -13.933440495609448 -11.727293297859273 -11.896354995820021 58.1468189689452
15.179540935598935 8.0932266312241765 -0.88702395277880375 -19.162565186754723 -12.063656086708161 -4.922185708302802 -15.781207007252014 -15.455090649149033 -19.428841692673252 -18.96082737330098 -13.389231623492353 -10.141684404020817 54.599036710586809
13.95197017239399 8.969921721252712 8.3973227814417637 -14.650368949702077 -2.5957377602377711 -2.0227535876202638 -12.812173954036677 -15.179294099748988 -12.866496074430671 -10.237570268716272 -9.12760919099046 -10.784860930796459 49.521260461007323
12.480630038899971 11.236189195244236 5.0225163525676821 -18.164193638027882 -7.8900871326939157 -9.3758714251650837 -14.385958400561734 -9.1432692721656856 -13.239736804810946 -16.615891647891722 -12.316932648926045 -10.408586087884704 47.717954592435838
10.522541535267441 13.820294284775338 3.70258670183295 -12.481652804840717 1.5208139744030797 -3.6194166299378341 -10.020607657027734 -10.395728082222549 -14.144409540263609 -11.997577956688739 -14.666541262889307 -11.372437355671766 42.697905023172453
7.071826861287219 10.146154864786411 3.2972587417646162 -8.8834658568432783 -2.7257899512268837 -18.221930849050032 -17.495415684371924 -8.404259145678953 -12.282811267669917 -10.036212512779315 -11.963596944485227 -7.7206581091084905 40.5811040327491
2.2770185364316964 5.4780685925973254 1.3114078348092175 -7.3977405142933588 -0.20630115014884193 -11.806413339214766 -11.122379635607329 -7.5288151363943339 -14.257084078595593 -11.612437351327634 -6.28694409276532 -4.7283727437564353 37.820480258168423
-0.93095426716271157 -0.16458414944370747 -4.0915380980438893 -3.5654313262523631 -2.3563633344189046 -20.806877266090929 -16.511611085940316 -2.0627200278964928 -6.4620998218015009 -17.016304265306363 -5.6631358172653359 3.1293627552391858 35.582406236470533
-2.5670947743947452 -0.21479401323518285 -10.265564665091812 -4.943487140848295 -0.76287848640929989 -23.226829221954969 -15.020195021741076 -10.35117243579618 -3.8262813290191868 -13.846366401350231 -15.102641118967602 2.7785685151802548 33.986926682929877
-6.7816810253894309 -2.6843822648495435 -10.577733492777279 -6.8714753120811691 2.2396215941347557 -12.53582954277563 -6.5321201791610912 -5.8134543763916673 6.20550419642303 -4.3804124314010835 -2.3945724183182451 11.23980406894634 33.28146508813434
-9.59395207038932 -6.2181368393344512 -9.7316892949798 -8.4505443802697879 11.247075310398992 2.903522674702367 -3.4080818357706151 -2.7798825145954336 3.4642568971079393 -2.8522157807490394 10.324165511985424 7.7336195334643749 32.297072080684522
-10.303773464008117 -8.1415586588913165 -8.6451127467630222 -13.728733936070745 10.656840342239494 7.2977617876847169 -6.6573397271753345 -9.1298722276899245 -8.394362096355195 -8.14212944405828 -2.8795567813977376 4.526413687164804 31.743917317916445
-5.8227666561679419 -5.6484408645902491 -8.96095022033536 -20.874808736240453 -1.5450386637157616 -2.1281974663755481 -9.1418042733625082 -12.560704960495984 -4.2944548544413257 0.32659500812490155 -4.3326621418993616 3.1638405609085227 34.9864443371349
1.2503577380536963 -5.4384632014771217 -0.67901617793990854 -17.530048999318524 -6.4755942894622942 -8.4784224833679289 -13.895945595551636 -15.832311716876637 -8.4568227770196458 -1.5652513738435059 -7.4372623350000646 -8.7809228817739822 42.870406932680773
5.4472368710818033 -4.3259691459368286 1.0102479602981447 -14.427504558608902 -5.9971050320151518 -7.1227412212967955 -11.456377907010895 -15.161996372609279 -8.3719944550740113 1.9598707762726995 -2.7767716349608715 -1.0672229719962381 46.299223065934051
10.640148940838815 1.253645146314166 -1.0779334377114242 -17.518319664784695 -5.0164541479525839 -19.331014997200977 -23.761986674268158 -18.058558419390973 -9.070243545301512 -4.8479447184476028 -8.5896630033125234 -9.5181924375486027 48.464867272168568
9.7441892247037849 0.060280258384665705 -1.0629534499754991 -19.182536456351805 -6.2234884667176535 -19.141101995550766 -23.691248660882454 -8.6253228649202782 0.047950857175641709 -8.450001481229549 -3.7927934941814661 -3.4595133390831165 48.585805784752104
7.7673038083755142 -1.0890097277339732 -0.879743131245953 -15.101799156387141 -1.4882634966758468 -18.615776676108513 -31.051801610269813 -6.2783084128916924 0.042360275591734338 -14.791017199031138 -7.1022833478523228 -6.9328456143598824 47.869516991069176
8.52391157258321 -0.066195369767658024 0.0733083156438774 -18.587223303613452 -7.8450869879176288 -17.791096529466206 -27.562464435740775 -9.738720896166603 -6.49469389699255 -18.83822720536774 -11.063457293044593 -8.9320372189167276 46.429076509454909
8.3073112925988148 -1.3110688177528271 0.393611225837537 -10.887997997929102 -4.4127990852859424 -18.080546501956743 -24.444967470295822 0.47949624383434691 -10.3179089384931 -18.954009539240531 -10.335125414797137 -6.32758028318626 44.630916429796223
6.1560331420591439 1.4101994097422816 -3.6756553034256263 -18.788854108900537 -6.1186331426226728 -12.118473822242352 -23.627941168533575 -7.406360122876773 -6.9218887121382666 -15.676754465924642 -10.994048060203777 -10.870437202887857 42.458460139760128
3.1271269959201411 3.2235000068145117 6.6910892995628091 -11.933876563703263 -7.5981563210179326 -18.792255783165572 -29.3799786664675 -12.226933752760605 -10.137602729468657 -11.87021104875207 -13.544211953259357 -9.8356329064145918 40.07569971855159
1.4378571369497086 0.980249959201935 0.47464880192164421 -17.10346593893701 -10.020411694865746 -10.260379731477414 -15.823781906275801 -5.29909905417678 -5.4631321017028016 -13.671166132636063 -10.23858599417914 -4.4503308046326584 39.671943941213812
-4.0848562912757664 -2.7289138688709667 2.3906919987149133 -17.41557480835586 -8.3647521477705951 -12.908470475922933 -12.011700061473183 -8.1687742170649447 -12.633729117696541 -10.074806928291711 -10.758824903403799 -1.2334262773947671 38.307569798203311
-11.475165317115032 -6.3289044786123965 4.22285911512522 -17.425462032485743 1.2627518654637326 -14.093907091737691 -5.5245309131131464 -12.379074631410193 -2.2725656142709156 -0.0098317587145446139 -2.2171574148149515 -0.34527681104041497 39.140698988540791
-14.03077701351252 -11.200172532516 4.1007819628124125 -18.896948573237783 2.829076628854815 -18.387212685197749 -5.6953876847988569 -15.068933050928834 -0.4405674054394666 -6.4019776937439659 -3.3478772997829047 -1.6233060357602564 42.476184404672082
-15.171039779269073 -10.650154943878002 9.3334642769735527 -24.582377730324946 8.1120338127053486 -25.399321506517005 -8.3920849856308717 -10.38060087825221 -3.8159162123090673 -4.6699641174370976 -4.4390911537668369 1.0790716026159282 44.383234426798381
-16.509917834310244 -13.145780179966636 8.0857911277136818 -16.595899426254896 12.13893394687145 -16.722651171932839 -7.5252653945859054 -7.4487989320739239 0.773255095612338 -7.5632527775888656 -10.959809845543264 -0.93472705120309463 42.427576791415873
-18.380928080451003 -14.660738213137533 7.9880249454248426 -9.567712247417969 13.711189775266885 -13.991683520623685 -3.930353352054146 -6.1569756266329074 1.2057562132770274 0.285141187715904 -5.7933254347917114 -2.7937362357938564 40.697659791373447
-12.225266919645975 -12.017831899337573 13.501460540984793 -10.413333008484583 -2.6896785141478112 -13.422920717465747 -9.8367958875606636 -13.023325264280864 -0.031755712117692736 0.85605239606064787 1.5859285312573363 6.3737156176385668 40.934388084588932
-11.063252869274296 -13.589323622933435 7.8538780814522795 -13.262999922127316 -0.75214507798752406 -10.449542352841224 -7.65071058960901 -12.306325998750708 1.0613956804271103 -1.3822426751020598 -6.4542594180706132 -0.0036139858099309406 42.30613868668874
-9.2884877072498444 -11.205170101043915 8.8902208143698189 -8.8921370717320745 1.92588235809669 -9.2412988927147186 -9.36389539213658 -15.33026548741538 -0.64480289456129314 1.3518033237805067 2.5200948425697312 -5.0427261993205521 42.250812086206906
-1.9329512273547846 -1.344556226400289 15.055631749290962 -8.9065963841789539 -0.013135595049278158 -10.14001677118131 -21.943437012210222 -18.528573396847758 1.3449052299862769 -1.9117423807694862 -4.9447803772529353 -0.96523482572476826 43.4623005525285
2.8171498181696628 4.9008355950706131 16.177592237426957 -3.8766736043724634 -2.5234501411541115 -13.130279095442797 -14.744426385628197 -13.713889608345754 -1.1771103769133604 -5.6163283297589359 -1.528627840074146 -1.56694859701051 43.980453800670524
4.2081318375920844 4.3792787947258009 22.166459917407973 -10.147653261925933 -16.880195595881791 -6.2414688449750075 -11.40893794177839 -16.889075846722609 -9.8063184409483366 -6.169163067427867 -9.0547401339676874 1.6309831676262605 44.473948161746478
6.0232150802099 9.1058456336703131 24.210958499040821 -6.0529109421512821 -13.813890829369395 -4.4507340725784408 -5.9708111517455018 -8.1868227036191161 -2.5283139298158988 -8.89137986916601 -8.2130496473143157 1.776720018279291 44.696966508662925
5.4389782562821054 8.6881373999065126 19.943042176930668 -4.7026451931393423 -15.588554004265523 -4.66534619174233 -7.4551012698305383 -13.357141786227025 -6.2150663822602619 -8.8733502824325665 -4.1251222177025095 -0.45654736151886138 43.324632156360245
3.9331081337590947 8.8807395680641275 16.451987465139247 -4.45924031181331 -15.164399421966968 -17.321554056977345 -12.371444686870133 -13.119043193197637 -5.91501130254566 -6.7951238210642924 3.4629618446068693 0.052165975275632381 40.947246630798077
0.48848078011596835 9.5485361135513429 15.537121368809521 -3.2770905489831668 -13.310536397530853 -11.587621116915416 -11.695909150655726 -8.2358982470859559 -10.375067947937694 -0.718869251521676 6.0209504078141656 -5.8568559197991092 36.54239835126468
-2.0155382082576607 10.10922319898245 11.583634967756234 -1.2029524021383984 -14.299592333410077 -14.358240434299406 -9.0964432473617851 -8.3215409384998349 -3.6215710876910814 1.8558689722008848 1.2350503176724825 0.82174612387173385 33.470632445689859
-3.0372029607596116 10.774177629572387 10.340923125656113 4.7204446776949238 -5.4738340881505749 -3.6064160979645683 -1.6604190454291243 -9.4686477751304849 -2.4382918904201567 -6.864681194695879 3.7189118663138263 -0.10407561916905943 31.258562524034073
-5.4328051097406966 5.5724005113983459 9.82053121157831 4.2793561556650825 -6.301522360066806 0.99384376181439682 -7.3732782234214946 -18.314338691824144 -4.663795935438384 -2.1803181054745413 -0.96644171420051461 3.1604210261071244 30.296497692503422
-5.7278729212733692 4.0764929657203552 8.878276213431878 6.7640460202811346 -4.6137472619925717 1.7864661509894453 -1.7603307145918736 -7.2771135604293224 -3.5157904831792526 -6.5871733745477874 -2.3287091941695239 -4.0218593643939959 29.95269741989501
-7.2942054419247189 3.8956705923324733 8.492211718141931 8.5168707857448478 -2.2814780735519551 1.0669998521433992 1.5615787350373713 -8.6307359990612582 -3.1970766790889744 -0.0021867860305953236 -5.713643608611191 -6.4095627688326493 29.468755665992653
-4.76830058198719 5.9058800534079605 10.369895769265224 5.9538687612522292 -8.902153303289813 -2.9363152347139874 -1.61766554400791 -9.8618955622745545 -9.2082626473284037 -6.3394205934089838 -5.0979309137063522 -3.818920508626249 29.804477258074737
-5.0927439562533028 2.5956443434919079 4.3172255705496951 -0.19576836060800737 -9.834132509939062 -1.4983647256186852 -0.40386335963891923 -13.864769220947295 -5.3753201982814121 8.0109618789814867 2.9282005713341306 -1.1039017840659135 31.081493606042638
-8.5105626097800684 1.0137558805482421 7.943932235954362 -1.1452591945373964 -7.1143187487051627 3.834722246153742 13.488593219307017 -4.9573825706721593 -4.6223968285831125 -0.12600993283226666 5.6070598382176948 -0.731829510972985 31.39667950065531
-3.21569738043315 5.42843133005864 5.8955617258758064 -5.5762631504233244 -6.9550666203155274 -4.9573447858709416 -5.5094955195107858 -5.6309858351461584 -0.98269924764433181 -3.7489355140942298 1.6283519219045144 0.30679758861625755 34.100677168632068
-3.5240696714689954 5.3049613672913214 3.6539998585027957 -5.4893929252590477 -3.699930230479116 -0.077518721127428 -5.55689466157225 -10.876336064724629 -4.7269166247462193 -6.94474833115325 4.7009066487592763 6.17869233954846 32.177822667041262
-9.0269417624738022 1.0655795575726879 2.3013235563941432 5.9466211347321725 4.9611958904965849 2.3515741647874955 8.3738496542948511 0.10963008561891793 -0.98319117596715311 -2.0598759944824163 -8.4626789796479684 -10.866196590024096 28.299774450196978
-10.240319796015108 2.3751478775266639 4.9980820549685312 3.0989948587236587 -7.05166862657358 -0.15278017194014837 4.9056679866082638 -14.275506184985062 1.9669184013622851 2.0952586349350266 -2.4621492447599125 -5.0909940523759944 29.062313709697044
-10.266447352081489 -1.9499305153457298 2.2474710391744974 -1.1807443400016828 -8.7178588216130475 -2.5465467801714272 0.92621251083686384 -6.3974742674983691 4.1974806478956115 7.4246718654826322 -3.59423444176411 1.4961937917034398 29.215401567797837
-8.2907439436932915 2.5166011499539782 6.6580790500904534 -0.6919212300461155 -7.6837476776387117 1.4514737980076209 4.8626337619078983 -12.987379212323813 0.0045680488601777137 3.443729301000868 -8.3181645068019456 -1.4518434847337895 29.829835563591363
-1.0129985227845206 7.2000879377770257 9.0423620632064576 0.97290728526999171 -7.6103961000977343 -3.8133047579482207 0.8740064842310431 -9.4375594379796883 5.1059575655724929 9.4016030063844145 -12.505291484994951 -4.7930703951307612 34.730599532361715
7.2036329794195488 9.6188203400776544 18.9980010405206 -8.0113759219597842 -8.7410933267220727 -7.0426771918382043 -15.964516142442433 -15.544451527160499 -5.427303740947929 6.8677460025452186 1.6443496221765685 0.18596801674138502 44.451483738024272
9.0928943060355625 4.5211652601002532 20.691380220176089 -12.625594114093465 -4.430415724108518 -9.8000579929901512 -12.55036371559423 -14.706217698452267 -11.763747082124734 0.1280889580366103 1.240636690637021 -1.2843155577518937 51.414928989890839
6.59729618149372 0.17032445917030503 25.02173484302152 -12.417102345806114 -8.6190884805205563 -11.954128987198766 -13.892994187156866 -6.4177259211590751 -8.1126379190976454 2.8209399245561317 6.5274352970628184 -0.010245541102816082 52.445976660925247
6.4001847956568261 -1.2924745454150801 20.595866375456708 -17.163102473723253 -3.3925439109108053 -13.966838796386178 -12.856871229919513 -9.6782692543634017 -7.2835253606124439 -1.31570545473908 -0.59862907252200948 -3.7181063547902324 54.711567970945914
7.869150119888876 -2.425279474545301 18.782398632085616 -17.716780846341383 -8.0460215501340375 -10.260468685964229 -7.3678681134110935 -7.59092236681195 -9.1573408037131134 -6.4641547475429064 -3.1419514278534519 -3.9923742365204147 54.81902204743087
9.0320302324867185 -3.995965005254043 21.102080752082287 -16.367743772455366 -13.95720369761268 -18.5061001151619 -11.018193619338478 -9.75142883714661 -3.8134813545864974 6.68526305599334 -3.5115560930520404 -3.6318547010563855 54.75539998155655
7.9451476092163427 -5.5019141662970794 16.075843380451687 -14.356013317302757 -9.773619220831705 -14.523841832508978 -14.745799466889787 -4.5078840708532564 -1.3469829889041325 6.8794866614051946 -0.4840765335568733 -7.3538948897185241 54.697725912201037
10.015149963236663 -4.9055081602315891 14.126844397515038 -17.751590200153888 -11.218226849567257 -8.7458071341027726 -7.1620134037971459 -6.3568711288138928 -6.5643592717022008 3.1184746209614449 -1.4331808658479321 -6.056116044469082 53.579832424160315
9.0830833105317268 -5.0901873828610675 14.408868251840529 -20.49157119260321 -11.79353006161393 -10.216069755305821 -13.077088930607232 -7.2542672226958311 -4.7417191388026261 2.7204699506051186 -1.6612799527025541 -4.1343034417830617 52.729687421345
9.283917485604837 -6.0089003745341687 17.259683279564804 -15.348097737462478 -12.080949692278695 -5.9554110321639468 -8.9065957098621347 -8.0248856003495472 -7.1158063543398171 0.44024676340106111 -7.2485728066975756 -2.7400179594067269 52.294585218139908
7.8661390083776075 -5.9059251706796205 19.343784041175386 -13.238702514558184 -15.012233023612236 -8.8624350892040074 -10.771606311044486 -8.7431269268385066 -0.64923406016061469 7.1545088471332141 -6.7935035317500763 -7.8593260176802966 52.841024169619011
8.0551355759184755 -1.8281434897345079 21.129425515338639 -12.402970092236629 -15.50694946462362 -5.486505681262944 -12.441726524004284 -11.018770252668228 -1.8651582501861113 0.45175737994939635 -6.34196079914678 -1.8131249943594332 51.914564628913169
7.6250856322061455 -2.4290417241932549 19.9203872084671 -12.765300208246783 -13.602742977198972 -7.8592949657578748 -8.821612044089532 -6.6949952118831142 3.1630095605008641 5.0938756089145478 -9.8012297275743379 -7.3504244769165075 51.753717958194727
6.9492474803565889 -2.3834657998515203 19.94888247702734 -17.887133339931456 -19.8897953401793 -13.493199831286402 -10.111941281629894 -14.211694999516578 -8.5190657721491672 1.498440650029947 -9.8028915168269073 0.28645633515415786 50.455780188093193
8.3042715673094314 1.6177382576014596 16.709638112711943 -10.75958309578353 -13.337928747451459 -11.920465925329093 -13.278845668148415 -9.24384966757886 -3.2825226082363828 -2.1096655015462886 -4.4896987577369707 -4.5998403496733333 49.51085205628258
8.2927848207968182 3.1822265753632606 15.016994936022934 -4.5904817372867788 -7.0693075433565946 -13.260644209163509 -11.545273774870502 -8.2823674251380623 -2.2898132703433065 -1.70160437968415 -7.59956121302123 -8.1835741838002622 47.415467227171767
7.98297749102466 2.4194272544295683 9.7827857356980061 -7.8358752928141646 -5.9049308870906909 -8.98912617028064 -10.113360944342084 -13.100259101190185 -12.304946736516568 -9.8138968039935 -6.7030980450552837 -2.4358902069612953 46.177652462998587
8.4320031238334323 5.6779890935159951 12.173532467518498 -1.4866098759557986 -4.9377697709575363 -11.200254317963354 -10.920797613895591 -9.008582909270709 -9.5532465757844687 -6.0671985650194218 -2.2964022581786985 -3.863015062737194 44.633765684664368
8.1887675769637323 6.4814871910323584 10.072230860537905 4.4718957019511381 -2.9975100681748779 -11.75055394567009 -14.193711909932794 -6.7884331569725358 -4.8373865145020227 -5.8986181855827988 3.835198255336449 3.3342501650219054 42.528798123250724
5.6106634560828388 6.79152005823339 9.2578925390502622 5.7769329624250743 -5.3434777585399758 -11.735167782451459 -11.530997829537741 -6.7119061921084224 -6.92136073342238 -11.381811080652657 -0.771654698285342 -2.2274856649308972 39.859026916080474
3.389607740165177 6.1054082759187525 9.36878161247649 10.654187190542398 -2.3828122314811959 -15.081045558918175 -3.7791590815017808 -4.6619116393495581 -9.6859231483182064 -12.468880991935082 1.1809618943384095 -1.8676936709349181 37.044808378221248
-2.1829057602766064 5.0884527759666 9.550504122857113 7.8152011830244037 -9.8441210583826013 -15.313279456342316 -5.6218284457592764 -3.9068658472200841 -9.0289979129151732 -16.243881432428047 -1.730923626810259 6.4220369802657977 33.142742555865048
-3.9424308737477691 6.4714489588119246 8.5459881225226066 5.0877354328420115 -5.4809320334537643 -5.8617240644558395 -0.60317567234697456 -3.0940222366571035 -2.8864168843859059 -14.010339561982116 -2.1129085552139841 6.0958602321879081 31.326880892981425
-6.4426424465843146 2.2654844209791003 10.494369116427558 4.5341242661170238 -11.519228390963104 -5.8654843082479289 0.49715279469977641 -14.347791915263429 -12.003061874900887 -12.073945381783387 -5.8000608169588217 1.6868700966127765 30.909696721020772
-9.6189148957119546 -7.0155234625559437 7.6974665957228385 3.3115324245667117 -1.0793863117805433 -3.882796052686353 -8.5672704938391568 -9.4301917514302254 1.6049541494012081 -0.76176439297445941 -2.2114193016303565 3.0563073143098909 33.658017919416338
-11.977159483427624 -12.681905190341771 9.0274920130632452 -1.7738381377624888 5.0757765418807868 2.1193548098173287 -9.3087532821179018 -5.4058277258138618 2.9912680003462482 -5.5903111516682076 -9.0362875453457434 -5.6745425681859762 37.394725042848236
-14.733695942914617 -14.315514899078105 10.957336039574784 -20.462422208104925 4.2846130746424942 -3.7030149249576576 0.3174716381641226 -8.4879043750155159 -8.7243311306769957 -1.9941983599951076 -0.23198452009368131 0.68950159846792214 42.955003746742577
-13.933518292058501 -16.494177809034287 13.211013864476532 -22.496460640710644 3.9623765422847614 -13.280316636678753 -2.0542844503904014 -4.9585916566219952 -6.7205661832857961 -8.3129215652378186 0.73782591870898873 -4.0127086116458841 48.210735581121376
-18.974817221752922 -18.745288818334682 15.644457320817502 -20.695778143522844 1.7210844308235125 -13.542450819477773 -4.24890740998446 -9.9454102176847012 -1.7008955295762993 -4.2156152665386628 4.1812109364048649 -4.3997571531960444 47.963903662785974
-21.09454732705202 -19.86006294566748 9.88376000941956 -26.552817158142037 1.7943713601229063 -16.1494553425015 -3.9891727022766079 -14.245119271024503 -1.9537133998382348 -10.750070588220888 -2.632508805096295 -8.511940462740057 48.889761371086145
-19.794283193604404 -18.900369347516918 14.665805292487267 -24.882962974044879 3.9076077099576865 -9.6923335423854731 2.3040620894862522 -9.5802778804789632 -4.4834005140368305 -0.031663251109487173 12.032290689828862 -2.8107361473550494 49.427554278292973
-22.191836502904305 -22.644097700473292 13.257171381816136 -20.479299225349433 8.9150882416561661 -10.81829692364659 3.5703982166427228 -0.23348382383405797 7.7082135796073095 -3.7213268830269111 4.6813335505243776 -5.0296888117909067 47.407453482120737
-21.762632672171311 -23.50871942946246 13.338858777256796 -15.14650992557231 12.20908970180259 -8.4258553625302888 3.065854186062523 -5.0683678870048006 2.6711757577276742 0.83449510759238221 1.0044394426156542 -6.8982932415405918 46.85910155631025
-20.64747820980644 -26.850727357631847 12.788921832643782 -15.947227362933981 3.6573411521706931 -10.136206374662436 6.8370126033689367 1.3796863099529424 4.6125514429000773 0.35939917273747707 -0.60361667022161858 -9.5889945486476051 47.199461558340609
-16.547999471107772 -19.553559956029257 19.673965473875974 -16.041347974224657 -3.8050344810340015 -20.478151830218394 -6.36076531745915 -7.2480106097132859 -1.5751215521903965 -1.9070939423083617 -0.47906642370666552 -5.5791962683446465 47.951987207951227
-12.878266042336909 -15.130390745804149 20.254274567961975 -17.245540448681428 0.96464120849231849 -7.344273209939356 0.0069701455519328732 -13.566890700055623 -4.6934038192738852 -7.6497640271196454 -6.9088247733777681 -13.519577452605347 48.950611927360043
-5.2157161296083965 -7.8601392798135263 23.114185177458786 -12.156309008182598 1.87212389023425 -13.134680726395938 -1.8698524820505018 -1.0037819180688037 -0.018848664049122728 -11.204049127238644 -10.176460251158925 -4.8348685893398669 51.463912658735644
-1.3098994364292351 -0.55004712694425906 28.328045084995082 -6.5411298202180612 -1.0342415868887165 -13.123329532578728 -8.24689575127887 -12.411644802050169 -8.0051683718444941 -20.500975084406843 -11.550442410776654 -7.4544471166755519 53.054686815457423
0.95691824038919471 4.976611555762398 32.983288625859096 -15.22994467243452 -7.1530924756382586 -13.942169542371369 -10.022490850994792 -17.467584344838691 -9.5875028130852211 -8.1316872486010148 -6.59978442605931 -11.887404920949923 52.634773528839041
-0.614956174810863 0.052570023768098682 29.1958061253367 -6.5632019505436272 -3.7491799835022781 -8.18223882674844 -7.0373178988056022 -8.464341124276384 -10.716844246867808 -15.554952292317077 -7.69129637801341 -2.8183425160014379 50.590504549888024
-2.4349677627101682 1.4049560512480594 31.022965917852183 -5.2618965024501509 -3.7369146579722976 -10.034204398749944 -6.0245273980680389 -15.953887179837876 -16.139253995699132 -19.022479834539549 -14.086945515290944 -10.440801447881611 48.4189308356733
-4.45438033550063 -2.4908954386076276 28.28044177612086 -2.4498286349222154 1.5418792464193229 -6.1893807648180177 -3.4918160292076852 -10.48093748992649 -13.460326652550343 -11.630518374712269 -14.749460888793951 -11.783403730109441 45.12104443130287
-7.4581679229698352 -4.7087271298078539 23.405218749318916 -2.664625145450072 -6.73716767294918 -7.4190519350579152 -7.7833095370909833 -15.078063935584511 -8.815062146834034 -12.291578906229672 -11.13306400296741 -13.087840395282468 41.604038937057581
-9.6076692174830889 -6.6399289625460041 15.295021279618858 -2.632548863093835 -2.9272551296190326 -12.502136659126627 -7.6045371923333285 -9.3550367293353531 -7.3811163068906982 -4.5959731190650421 -4.7687123949754753 -2.5378066771285903 39.695072776094136
-9.28640724432651 -3.6187421773545729 14.03057161498811 -7.563158815469 -9.2440163532204611 -13.776249329659962 -10.344545391723884 -10.441890006429709 -4.7034406067112888 -0.92475406400512539 -2.8824354795997764 0.13917156610196779 37.426151877635114
-10.223356032318332 -8.7014714066366317 4.938288186617334 -9.3076293317528176 -3.8922657838559109 -12.140926288955313 -8.9434321090401028 -9.9125309595056184 -4.4555390659124878 2.4756502084190286 -7.2317807373487337 2.0645611761948945 36.136878555665305
-11.987218183819044 -9.956698851285573 1.7672878161959205 -7.0068565736727146 2.4117706435098554 -9.55286929437714 -2.4719933362394659 -1.0171632426619677 -6.8141174636877384 0.19953147114507283 -1.2434872119806983 7.2571108544016569 34.070266954551023
-14.281751379012237 -10.253661754999715 2.4144532584661804 -4.6551460134436109 2.6152049303902958 -7.9322188352748162 -2.7070987400916739 3.9983158329901998 0.083793517051380828 -5.0531894980145715 -3.49050799019627 -0.11813818768764406 32.528981302178821
-15.073257116019505 -8.4982480303986971 8.5477131746619168 2.8873135105264609 5.7312939939366387 -3.3785377009959041 -4.1333211381120751 10.523972278885754 4.471115631025973 -10.487897479873389 -6.6692066160961581 -1.2312440626029222 31.614043776491059
-14.366486098129835 -7.0917363329969056 10.14933086345876 1.5519779128170625 -2.1474703107694797 -2.4774079484613005 -2.6073737105490569 2.9096160385878687 -0.471509294132979 -5.0166277097725356 4.4940445904195556 -1.9468915684415453 30.918962630332715
-15.508608185784206 -8.608714963820038 7.0504006812616344 1.7752899715072317 2.0320213741287461 -0.98799056918442774 -2.94275156679743 5.1862732101777693 -4.0084599573301167 -11.510105638875372 2.3073304722648595 -0.26447288117696327 29.559287191195946
-13.981557519538631 -3.99838539122903 2.2878572652163478 -9.39470961837943 2.7856510828009293 -2.9026191821697487 -7.4670693336886416 5.92212624746402 1.6764317994698021 -8.1041309269471853 2.8969012723461574 4.6942996358805269 28.530391433968092
-13.537323554108198 0.28142731443218677 3.4447620376828456 -9.4473761306112021 4.9573734476408138 -1.2449100795468742 -5.6928307080166531 5.74554256837063 3.2111668005457235 -5.2864329990133161 -1.9138875788858978 -1.2615002200882681 28.484195148549169
-12.773348098142689 0.43972327499055264 -0.0809594971274599 -7.5092945676101843 3.0338605955779236 -3.906923821957732 -1.9334439244401329 3.1177917578609096 -6.2312323060536121 -5.9572819231517355 -0.84340044734102526 -1.804751257566112 27.951116572252751
-11.963003908076878 0.36738973367796285 -2.3586585318553155 -3.1667293331929414 4.6644422228189706 -2.6533832067271432 3.4817683369331771 1.8834547430139637 -2.5641890908320897 -0.48736622118366418 -1.1900467179442542 -4.385267363012896 27.925386278838232
-10.251853695106092 3.6306686205799688 -2.697850086284431 -4.726642155878328 0.684262088146539 0.64429714927796011 1.9962248354112702 3.2659300468322572 -4.3786865600916363 1.1068222127212686 5.7911285805198069 2.8108902709218038 27.542925393076242
-12.254669261941896 -1.7810558151360649 -6.3602481307837531 -5.0181304454488833 -1.1718165600675139 -3.3192485245671879 0.31699948627360064 4.8630211752558079 -0.39377548985563188 1.7756257698123807 2.4922326022884036 -2.7488760497203413 27.054759212167333
-12.494330410986056 -1.6809549997088769 -5.4244828774922773 -4.657180899545458 2.0031055645548044 -4.4359147607240157 -2.8101108853400762 -2.0678267239301249 -3.1651586137479755 4.3037005412334572 0.51183121895969452 -5.7441760941969005 26.690992561969097
-12.338489797912162 -2.0818986961360446 -2.013195047492248 -4.9160784023396511 -0.59949105491822019 -6.2450551924428845 -1.0404827595751411 -0.02991102748023982 -6.7640819704295767 -1.1437598490042045 -3.6082279915153213 0.48089060404840628 27.04487446203467
-13.009598337006498 -0.087828858750305508 -0.71398123670290059 -2.6682315170525195 -1.4319780405878013 -4.2186256036278289 4.68606958481521 4.7773606579508732 0.56446782945533713 -1.8859798949086914 -1.4607506869987832 -1.9153649774942647 26.962959593174798
-11.815343174619631 2.5488788192438876 -0.42741161502121106 -3.4860758464228492 1.992877784197816 -3.860671469119322 3.6312878049653738 2.539325993658236 0.11147162709094033 -5.8065697978488675 -1.9648238332810632 -3.333005975679431 27.181893277197826
-11.862917015520718 0.63302133248702586 1.4468251738945983 -2.415824194491992 3.3802863794157867 0.51894824069861822 1.7244453140147029 10.024287426840754 -0.34162420529499976 2.5842209388826767 -5.1727598204604917 -5.58006585380701 27.267851380151971
-10.776204524133615 2.632757206024793 1.1485034604125171 -5.2253336338841754 1.8439446691766914 -4.8832439231910145 -2.0135576665913342 5.6107915271527142 -7.21536318783039 2.0845929592779524 1.302196784625083 4.2081228486088245 27.39206534237568
-11.546636096971762 1.2630245277510528 2.4599737332259495 -3.1930750103780627 6.4809982778406283 -2.5006532228876428 -6.319739160814887 5.2685580603195419 -2.0140917660749285 -2.8536777741904786 -1.5181385923847872 0.033865471445755538 27.742033783266244
-13.344924600841178 -1.4935236130781009 -0.11258732466470801 -3.6277936723530932 7.0678910527864458 2.2553636232012106 0.66122210687908711 5.0079448904588224 -0.93941672962870726 -6.2172494864657475 -0.668779076354334 2.8941853145699006 27.883098816266006
-14.168226014548623 -0.0331857759296264 0.98012125039248987 -4.3504081521802265 -1.909607423911402 -2.1512575112800967 0.70582811941356971 -9.4738828073720374 2.6089950749539019 4.0322780929318895 -1.4508322375320606 2.9393107391714008 27.461884434991674
-10.615794581887597 1.9365118585363357 -1.1327962445339168 -2.0309303213075678 -3.1112838034325363 -0.90236379367329389 4.7335444280660672 -1.7816850567661398 1.4442727687215084 -1.2902736953112535 -4.7076919076907631 -6.6655615795591752 26.971732579764545
-11.268231505912702 1.5413558987412017 -3.3777616469963951 -0.24868435167280309 -2.1998250572408087 -2.0330515324295235 3.6016715360250582 1.2093024787142226 4.094666540543 3.2429824781319265 3.3834931731167 0.55551226658858088 26.664943831546392
-9.110269950986094 1.0934360735888429 -1.8372816383037351 0.22740597083769382 -0.36118599494511283 -4.3774835569584187 -1.6756566740544847 -1.8502987870831391 -4.8992771769683419 -3.8447844479438262 3.5458255393096656 -2.3968615044457624 26.49279778370445
-9.74308873287714 0.49287797205183659 -2.0052767269883995 0.043079089578995457 -4.23951902732646 -3.7569873095069877 -1.7100595859376393 -0.692161989512224 -1.1875338682904875 -4.2851082419869124 -3.2225135208473965 -3.9357796477642282 25.811816082121528
-10.02527139022212 1.4619021814354685 -7.6022184999081892 -6.2350239163954289 -4.7094804777536758 -0.18625204726476446 -0.92879216327155645 -7.8176482062626445 1.1078133055280757 -6.0504307496094931 -0.18577013835168216 4.28653829992302 26.779431485061874
-10.479688453284385 0.40215874392515949 -5.0969371163760906 -1.3879922604927717 1.1257832948291504 -2.6516380064008382 -4.7892222765959493 -1.2221131165817678 -0.33805180080264413 -4.5854823358508483 2.0580006894858189 4.2589383326684507 26.17868513634868
-11.005134191543375 -1.3440506588929684 -4.1490224058669014 -4.0197994016947112 -5.4610223408366476 -5.0787811336458315 -5.7908991140566606 -1.7903365897949146 0.95312683307990964 -0.7355460632157691 -0.33143921801998966 2.5079114311768471 26.496452830485797
-10.374728695021998 0.18747540423174527 -1.5764148655255465 1.9790598275270583 3.6632042839188803 3.7502848090634044 1.1380739519272207 -3.20461492664904 0.69633620206612978 2.0393993741143595 1.3131816824592311 2.4414327514030814 26.811994698386492
-9.51666694060424 0.0076015065737007866 -6.0472377140134768 -4.2326096991900908 -5.8891963974410295 4.1474453637990827 5.2069223224486585 2.3479869976787886 5.23394016877335 6.0909104496406261 3.9104712383894826 1.5723628313114741 27.069284645561066
-10.305324669789133 -1.6641607518866395 -6.15357626337782 -3.7328280406231356 -2.071586177065341 -1.5236054339907568 -2.4663932515769407 0.65239773890929 3.841184025004297 2.8535371236591915 1.4298553716642752 2.2202942604758524 26.494936349813873
-10.226340859468261 -1.2962500017439276 -5.5857301975349252 -2.6138587494701784 -3.3209209507396449 -2.5119264920997515 -1.4650529570578221 2.6133894929419745 6.3432140341368459 5.39058708528606 -0.8158964085723045 -1.349068320621988 26.627798201093974
-10.125315541891828 0.092457226805532672 -3.2243034634711556 -1.2207766966245925 2.2072431341317165 2.9680374801283653 1.5385612985572756 0.92680585691205453 0.60025096386776944 -0.70637021166951341 -3.819805028565932 2.1092733722579928 26.355905302481737
-11.108781320944329 -1.5566963672592353 -2.0204735332537269 2.5069333471168336 -3.6040655265458725 -2.6303314042370758 3.4534015958343556 2.9921985258917689 4.59545957303789 4.5271852259624614 1.9696396241092866 1.7896145583518956 26.413759664457334
-9.2041744481199554 1.7711830735609162 -1.533070427623709 3.0117920047633207 0.65420705619120234 3.9474404770022571 1.0772841503439414 -2.0013873367345965 -2.1974582195248575 -5.37927390308009 1.7011233795117273 -0.18667879183616989 26.440574560239515
-10.695633253535235 0.31351076628124264 -3.1623643986971111 0.7718616127620328 1.3969184336892198 1.7828615012507638 4.0725710564933895 10.028605485439062 2.4271788487151795 -0.32978835038332949 -2.9537893799774464 -3.7404246565320545 25.720607830534941
-9.1747798884756069 3.0436547040419684 1.321363662208827 2.9197239985151309 -1.6025556111199486 -1.1908268345431596 -4.5419916768331348 2.4721103353686811 2.78604106536311 2.0667207040556965 2.2597738465227613 -0.40918878465607 26.191594893537903
-7.7688204949949755 2.0749613498064496 0.49344173626894694 0.69165527962234508 1.9945999658533622 2.3013656773588798 0.088959248137821328 3.7456949845733161 -3.5137014477821111 -2.1639601590848891 -4.9695881863148719 -1.0072805450483457 27.211397113276174
-8.482335573624443 2.7245376566977209 1.1209466508490693 3.8063933095808982 2.7640581513193978 2.0003056452216592 1.4365699988475018 1.1903600417467373 4.1684728176622423 -0.86987329862698792 -0.94952139285003279 -0.99053612604479968 26.570464023652718
-9.400396253047516 0.45391292596508676 -5.5315203045200443 -5.8589497789086673 -10.464783637849816 -7.5180502427305385 -3.1875133866890448 -5.4857233335900553 1.2764910624228392 1.6094128860503338 -1.673956510343303 1.1054866111754749 27.592332333476808
-10.097597010942724 2.4629489798016397 -2.1061324446876948 -3.6169839231510141 -7.7975227614969249 -4.7295307993913145 -1.1133482925551297 -0.578757485031758 0.26065638340371533 -3.2482843083060957 -1.4651424478613113 -0.964847321647143 26.475151681765308
-11.321035457265461 -1.4805659917349847 -2.9944218208020019 0.017325508144433285 -3.1578691974439193 -1.2002787313610084 -0.10328517899015592 2.3930843490275562 4.5903652016868923 3.3391023908916657 -1.8037191708158919 -5.3899408355497567 26.484980567865488
-11.112938963796291 -0.5599346874723099 -2.8032689875770069 3.6973077033056603 5.8984042163726746 -2.4997584940318065 -0.15620909429718779 -0.46223314184089792 -1.6903137082014756 -2.7025769634501016 -2.3032169667632143 -0.87585239987911612 26.114551218948389
-12.570646944382451 -1.3156749846315972 -4.8835367278907995 -5.0096230866319367 3.5983921866032706 -2.9529032776062567 2.0147869384754467 -2.1341316024731873 -5.2716407444611892 4.6893601833858636 -10.532154523046062 -1.1531892581112175 26.422058693057775
-11.499319176966161 0.67563945988783947 -0.16055533977425698 -4.04426644762919 1.6732530629421265 -3.1695342849647461 -3.4862605712785855 -2.9969201317329746 -1.4845718541613258 2.4601290859353937 -3.7617166830273856 -3.9124763557840057 27.396773803924177
-9.5070293993916977 3.3132200150599633 -1.8872216150196979 -2.811858413163788 4.6628440890796989 -3.7988278039302217 -0.71463369782070807 1.303640683488918 -4.363517861333241 -2.3140779300691983 -3.8099647810023205 -3.0173992006403778 27.619737023996425
-10.098095617402057 3.0767779633837207 2.263157855799526 0.27150493816507959 7.4393293496809383 6.3487940799260114 3.7438346372775375 1.5767093201114171 -1.9306194561610746 0.77904454534617507 3.6108143368151255 -0.30754904644751668 27.857885631176035
-11.383779075147714 0.50204570469085708 -3.9063074068045776 -5.8425230335797718 5.1735732717678564 0.78430499832502953 1.6626291394749944 2.2063337157217879 -5.6720404535003359 1.8267937674172623 4.8057068578971078 1.7505125661155463 28.068905151076624
-10.765229288090856 1.5553944534714848 -0.44999394387036734 -2.8233354355283264 3.9926565402211889 0.63612848460090965 0.3949326835267678 9.3486717080479025 2.5604965775181334 3.2794088544938842 -0.77959570326966054 -4.1781698601905584 27.998441853560266
-10.467286853349242 1.2453265527223003 2.8100704286290252 -1.0705611897196592 3.5273687954722233 1.2545316335762768 0.063839024249152845 -0.44151504053899571 -2.0168476002990174 6.5682276265936288 1.128624075196047 -6.8985161840294156 27.654606978846306
-10.306585502970149 0.67721828223823011 0.049127109093707974 -1.4728541891313214 8.6554783123620762 1.8200571744053848 1.3311253224180282 4.784630212876448 -7.49470145414685 5.3696334276997693 -7.8039871147098969 -11.276150400033275 27.867954943047963
-11.16527728498561 -0.55102753990103615 1.2184453008897902 -5.2918304381739354 3.632450168151752 -3.8070041217070463 -0.88615001256119663 6.0077175567065888 -5.4979500860590429 6.9967797463610326 -0.17382519185818301 -1.7480977591472222 27.593409505650534
-10.020850747041152 1.9585979271909573 2.5401703039225652 -2.207941326624729 6.2195592972378311 -4.2116224151932675 -5.6186371240436035 2.4913921142384661 -5.6069006940487105 1.0091120016335127 -1.0924792971137789 -6.4185275731664744 27.833147196454618
-10.947651518032515 1.1323149832055195 -0.92906319514383107 -1.0194543570902646 2.8071978431139626 -4.0591166751976839 0.95067879212901107 0.78771502821562578 -6.2654852149665263 3.9755474288576269 -1.8658152669692587 -4.3331057874781536 27.560079639814472
-10.629705651012324 1.0541238215895326 -3.5273718000353 -1.974913111767022 -1.8014588561720317 -6.4700152723413753 -1.9513813796806567 3.679436736241835 -4.3513170243442962 1.4685688245171109 3.2357352294875268 -2.7716116774998 27.398501951531848
-11.852973095797537 -0.791813699710331 1.6706711466198083 2.2426786657152493 2.5104046526052937 -2.7637343131040177 -8.9291180726116046 -3.4258329738444337 -6.8064473450327645 -4.1910838815238343 -1.9236586360177363 0.40574063689110473 26.496224282063167
-10.137504157342049 1.8160305717616587 -2.144875312296374 1.3760769289717492 2.1959317345812761 -1.8583954065301571 -2.5798164259452956 -3.2774795190337191 -2.1602518222824258 -6.7121616761570637 -2.0784524817938448 2.0180500255975615 26.863253941453443
-9.7012045653253978 1.0684773992877508 -1.3123755576067937 -3.2118554502055963 1.8838792317834523 1.4140238131563321 0.35914127121014217 -2.333463496609415 2.3213364335862758 -2.5879724713702745 -2.0176704614800123 -3.7368078224120134 27.725605516278122
-11.380043860973762 2.2619817308470656 -0.6980558858763718 -8.348253860167846 -0.67646546976327382 -0.21071856938780956 -4.7539320446862314 -1.3420433766981756 -4.5284521247297578 -7.1997265100766414 -3.5308994147727315 -4.5827913353487038 27.501933264109528
-11.456440403294168 0.76302216788795751 -2.1379539279230015 -3.6042383658541577 3.7979319165714518 4.0444698749121732 3.5011741494920856 7.116465390920502 3.7289929412077281 1.5550073425273871 -0.4813047033711102 -5.8980016382715528 27.30761155897644
-12.570662008548375 -1.6532710490013323 -2.5701523693065096 -4.0645164370099005 2.2036099184168356 -2.8531753102335755 0.12057774597829923 -0.064121157435583748 3.64848357274341 4.8889477083634345 7.1323011719091944 3.6391634877268619 27.012609118875808
-10.04282067647657 2.0064326982644061 -1.3504084022872513 -0.25493344940410173 4.3415283713324415 -4.7406876333459316 1.2759114656946418 0.98857728568128367 -3.6952835415206535 1.7435256604586444 1.7670720548407093 1.1770691300603069 27.844432453856712
-9.1800071257613585 2.8876283604170192 -0.068190834576510262 0.28090689817098119 2.1061390378248714 -2.8027391576252807 -0.54184106181419989 -1.7358573960818451 -6.3032422729500635 -4.0799618989480084 -1.7355916555419637 -2.4531884678038733 28.807756784777148
-9.08480535860342 3.3348032590747563 1.4465616628520417 1.5252655957313752 -0.24327211737516574 -2.7426138041454373 -1.6785645081344585 2.8224876796184106 -4.5924292916480747 -2.699458979563222 -2.5054494465764741 -2.2529240388610754 27.191645217640474
-10.0869368613851 1.1807820541492122 -1.7739893782348923 -2.1815607191331359 -2.0264666830400033 -6.7777332894242166 -7.545108336991933 -3.8038584392856372 -5.4435186038422625 0.7686621724432261 -0.67619296803523266 -2.3720304734427748 27.211570748297753
-9.5924680241426685 0.98753194701295144 -1.1527775596306911 -1.8650989853741655 -2.4118205066778033 -3.7488229209899813 -3.1879172469303159 -3.392290274355108 1.8338800912734683 1.2760337443932825 4.7311901272049148 4.7998037603874852 28.068387184563989
-10.267593687728787 1.1166484000928916 -2.3398896777660525 -4.81566506756517 -3.3298033907868603 -1.4915639430950223 1.2075235819695198 -2.4216374712451212 -0.33977842697139021 4.2160875092824206 3.7899019996975474 8.831514724652612 27.609603472887834
-10.568218194302451 -0.99932666881997434 -3.3299304182418319 -4.6638416355392316 -2.0184970601100591 -3.9170134438952831 2.709338680254191 -0.016436767791727855 8.8306481856939474 0.33052272577710756 1.2940565685027774 3.6744401997874236 27.851161101423411
-10.841924629209112 -1.1145273132482063 -0.872176436983398 -3.2102318162825796 -2.7738038988024183 -5.5711251227834078 -8.52168694068138 -3.9979461392923539 -0.96471303331830227 -3.9736135757184043 -2.3070362688112884 -1.5385956160472158 28.11670615651207
-8.8151481276242727 2.7595423571296593 2.6417023985969696 -2.1750961418391634 2.7466326817358988 1.7520206874503435 -4.4586136174056659 -0.49034108882140764 -2.7481188181472662 2.774728869874783 0.86501471918911488 1.7204085227077786 27.970021586513475
-10.474013205706743 2.9154136508840125 5.924788375642815 0.98299199544144966 2.652380429471525 5.2960804569596514 -1.13326478175825 2.8315210009445146 4.4682398101489982 3.0645996941765552 -4.001194028891045 -2.8369040036023687 27.644503713227071
-9.2807605797144088 1.5405618443829976 3.3887889260083583 2.4106786408199179 -0.89955260885371191 3.2098388173136505 -1.3739214358275602 -3.3889609229427045 -1.9422588305005151 -6.1955883859356753 -5.3143611576419278 1.6161430144070452 27.445216787063789
-9.0656222640258051 0.33982964155696366 1.7817613750768575 2.9474554932054793 -1.2179767023539625 0.9862434580980991 0.6502403927117687 0.96492915905303112 -6.8829262934867241 -6.7131213086484731 -3.969962514465796 -2.6475653991132972 26.928448607153516
-11.593623874414149 -2.8501948532723738 -1.8107375405782982 3.4967204601111375 -0.34204075369164005 0.51482363384334062 3.31863769855769 1.170304906170786 -0.058479715533013857 0.8538168945584792 5.6310871708462651 6.0013849758751476 26.339626307169084
-9.4854401549282468 0.29683981693268929 0.88202997846548914 2.1555157740705995 2.4908655848803836 2.2768646969105077 -4.7194716840446844 -7.2896192880023927 -3.4953048185735787 -2.3063070111508774 -2.045242331471353 2.5567941143158688 27.244235044297362
