2.7503249038528925 7.4116486745905767 8.2745267577327244 12.303041394905053 5.499051259223835 8.1930187720657255 1.3111366529483055 5.9267371703685452 3.1964774748675975 -2.8153854661414237 5.7536835539163516 8.115303145347708 41.239818631829579
3.2761231854216977 9.82024681281849 7.58671932455318 8.4495414100305677 9.5375568157821782 4.7679681153497633 3.6180523304080583 8.4287217110507022 3.7913105034846564 7.9380677103881219 1.4964628275234577 5.0687502320846489 42.032419062954474
2.5258537588497552 7.668311161213154 6.68978997814651 4.2825287842693767 2.3839384376295727 0.064879997188432612 4.8963815723499167 9.6755381275889167 9.4596108450078 -2.2946528597794495 -1.8370760420926335 3.5594976955965802 42.533239418814894
0.071630153907169578 4.154882464694138 2.6619797326035464 2.6051663133052805 2.4374244442439745 4.984974035928202 2.8870558689347505 4.7309746347688462 6.0328218865074215 10.827253668565326 5.8395068320557133 -1.8501831394217672 45.00147645059635
0.74060704370278352 8.1069964183467178 4.834633974721255 4.2825586690388047 1.6042805784150509 -3.7704551924175536 -2.8650951460529579 1.8072346590284887 1.9126667072322625 7.0902546168959821 5.5743571364120861 3.0794855697154291 44.137306517914425
2.5040974117452595 8.8975959778524025 4.9418077712250152 9.82482683026612 4.742407156581776 5.5336305188513562 5.3983196504869193 -4.000490992846 -1.5802816903433556 2.2846357089335929 1.6426169158066601 6.5846822596949108 45.892433018537837
0.99568575934506476 5.7097233301035244 5.6242358865372575 5.098320799435804 0.9052518446897565 6.603609730261029 8.4851683596751322 9.161294804361706 8.6234205310514227 3.6631752897611949 3.6485680897759183 6.0673039152701431 46.46302229567555
1.5174082081182414 5.3334016001965674 5.769228622434067 7.3120621544388653 7.0308486835257975 9.6368389542340562 7.5685848748455 0.88526150977890128 -4.5896829953241953 -0.69427265126951609 2.0026955310576486 1.1760238797928806 46.258620566878228
0.32376572569257012 8.2636413340086925 8.5683335518775525 8.3426338118628376 5.3557649976139627 6.4498026046555381 6.5313581183425544 1.5438898415294995 -0.22686600060194664 2.8176387591059431 6.1335940282852608 4.5548620320634825 44.973521832671139
3.3624540087175365 7.3151546550752222 8.3003129247720775 9.329978037938476 4.9203207432396363 9.816573276446805 12.452154067355321 10.953731643358513 10.638529725411017 13.905979767731882 9.299292414187601 8.8295125251019346 47.373879125202265
-0.36489194972766148 0.92909803953699255 9.3777072568834949 7.993654967177906 17.351400236683883 13.938093469010807 10.948393312487832 6.833609789975573 8.1959564759219425 9.0720764820234852 4.7104602290738988 6.8573044487251549 58.284011941526828
2.0854576153061464 -3.27193133309158 7.9337101492979283 3.7470732367649426 8.6249866615493378 5.4935607782420171 8.8672889884193538 2.0203061401571252 2.74748790731264 7.3466406795862129 4.635664586103335 -5.8730798709526288 79.898913896031331
5.4565306836715193 -3.9268855800310147 9.9641732380931209 3.3986035613133536 0.19926581149899833 9.253402973563416 17.038178891669247 2.03639697926457 1.8018975704918958 13.701477814181695 13.259443044317486 -2.9811771866796932 76.529386616908923
2.9081976201536603 -8.91433215029033 3.1327931691606508 -1.4018626721914826 -9.872313497472728 5.8169817638749892 16.630350059016315 4.2226714838121477 -0.19619876717225818 11.404254074256384 15.419907388512462 1.0984350941494119 76.1570623311753
1.1344298679582094 -11.293839802105273 5.1593895288200491 -3.1747376670248806 -7.7641008069919 7.62349272897801 8.0491665311891225 -3.7582885078154553 0.73711221289634343 4.925631497355095 3.4640273999987006 -2.6287561126887589 71.527436628277911
9.9068695977285373 3.1124473840777998 16.740514778596307 3.2409638805197192 -1.6184300477856686 4.65017900969783 -2.7814896842282248 -2.6268859016774289 -2.6343142308281888 -7.9717138415321278 -2.5705486031743443 6.6954617264650977 72.175850687411767
17.601724080655696 6.1417933083044689 9.63298075901129 -4.574490501211419 -1.4943370037113666 9.2188299946382735 -4.9934806391672772 -9.1398922338812074 -9.08622621310921 -6.535626252801122 2.654310481794389 1.5392946437860178 75.531864516288877
18.688582136103054 1.6389477917945532 11.098750131988448 -12.78313756722013 -5.8975859805071691 12.172373419924705 -7.94204313754016 -8.104781216761042 -4.5937606277505676 -6.2181439745305 -1.8283494000537237 -1.9815396062396633 77.545819559509425
18.137631701101334 -1.5373796405648577 5.7460363001468995 -22.811298074830663 -10.657931584113918 13.970505196612521 -6.6795396245336223 0.68549818224957382 -4.0116009365409093 -6.3884396372736934 3.4386857511041464 -4.3003812677360713 80.5717697214906
18.05853830136428 -3.76942733426076 -0.61475567439018342 -19.304235345389611 -13.539447847900144 16.449668958450246 -0.464921505587856 -3.6952279383242503 -1.7868459242125041 -6.5148317132625326 2.920444355812994 -1.3574557462168075 82.666897799347169
20.074414108666367 -8.7333861475336185 -0.11374863881793106 -16.614680212954386 -15.203777813067324 18.524263512466042 0.60510133567003532 -2.1791783051880742 -3.6343755503699948 -8.0532653611854368 1.9973753641397907 -3.0821195842642939 82.435167324367029
16.762856467059855 -5.1802115821031087 -4.5641643569423822 -14.388401433370626 -14.112559684604395 17.605017320165011 7.4617949048145968 -6.5272715588509449 -2.4681074059833472 -7.8225677986203568 2.7282507545865649 -3.1591518002966756 83.841615441961
19.87919155298534 -10.347490191899034 -0.994670666592235 -13.940968672693348 -14.719487712835196 23.432918353558481 3.6217158885942271 -0.59229974698060761 -6.2911967074113688 -7.2994698594805492 3.0017657953100967 -1.9270168346058774 82.669260813570872
21.517272802807671 -12.903603195673574 1.4325053602416751 -13.108057586716495 -13.207142080573018 22.47689308523686 1.3754727884602742 -0.042257070394348173 -7.81918455058176 -7.4024908074365845 2.0534787924834577 -2.6089230031985129 82.869789093396349
21.630883867468498 -11.831795158007743 5.5065062378239826 -14.894519398711077 -8.54431050219594 16.754125830408132 1.0288529514461446 -0.31189245364740364 -15.195138953791698 6.9965978039569086 1.7023640232997943 -1.1064567659768372 83.037647625037948
19.494076507985135 -7.4538312448940678 -1.3946244789762303 -10.170895707038792 -4.9314906578112154 14.21382057094228 3.6833184097894032 -2.8880456473089891 -7.1807732272566662 5.3947993140357315 1.6260207999632392 -3.207559249362971 84.756066638988329
19.947414614413866 -6.82232816128742 -0.83927215290226675 -11.420629856320712 -2.2905872199550252 9.7963107117741117 7.7195431205713634 -5.4538679743017 -6.54285097870962 6.6350796451922163 -1.0717209143921904 -2.0001112683566338 84.25035924053573
18.83062282142631 -3.4567444272512007 -4.0814242915069023 -8.2541924703846181 -2.6334171180932167 8.2083007979634353 5.7863474077389894 -4.7498592250249914 -2.6758010995092754 6.2474976703003193 -1.2434011457402832 -3.9746499787270366 84.369480438996845
20.149988410005609 -5.0651310335363133 -1.952947348771596 -8.5888899134409034 -1.0743285474296653 6.1629263764175946 4.1732126449094755 -3.3773143430333445 -2.805830161058207 8.8514669491083851 -3.20451587505765 -4.4958727629683368 83.726104535764279
19.170090604096874 0.2538831021970504 -6.418947584879545 -7.2706525146230208 2.8446919538581188 1.441149027473549 -1.3805357662705107 4.64565893187562 1.0203279216756937 6.3875514983037807 -3.8828166536155981 -9.0437637309408849 83.144146438673673
19.302563194269059 0.0012693563805084177 -0.57499073580642379 -9.362462451320777 1.6981757975452352 4.9020094668520073 -6.8376415159865669 2.6080971530856183 3.4393569249255393 11.066096388072548 -4.0304870428876347 -13.438747781771346 82.23846193180114
17.601841061283551 3.1330336039063975 -0.13253619880529535 -12.386901772174284 0.13303878983064601 6.2767985114784395 -5.0620691216487277 8.065622624617264 -1.7044595822645674 7.2931046018311143 -4.449792061406967 -4.2103327411940024 82.751230087005453
17.957102526364135 4.05782309881414 3.15979522115435 -12.118642234561603 6.4946021046008671 -0.06764527849269493 -10.774949786471872 12.367609788717994 1.6760080320605479 5.43012725093132 -5.9824951393164856 -6.1412666711023185 80.864488518284944
7.16616232463046 13.513983877280667 0.66409115942642682 -9.23486185339586 14.733088495222573 -6.2603090090930582 -7.9456978981461877 -2.1404975632572261 0.60530171751013151 6.3085806960379882 2.3664120806380993 -15.128325162799603 84.1439674249362
-4.5688999673756916 19.346952310574267 11.319933066210059 -10.048772747989672 16.132995589712859 -2.5628304973069547 -8.2282416711229036 7.0504115004429817 1.0959994390595085 5.6880361518822209 -0.24824818145323513 -10.50662349484096 82.958024290394249
-9.20565742369861 21.512607975588342 17.141011482451379 -4.9351864483094126 15.185558931703495 -1.5236656122743117 -6.1055703560751189 4.5131414975156341 -1.3339967345519668 0.42742721793810207 -3.7084094162567629 -6.2036777165050383 79.484737367428082
-14.035163428935775 18.112685319020624 19.848809805924393 -2.1577975354764409 19.503252247891108 -3.9249809280151022 -7.3538636238699349 11.155046434458207 -4.5349458084555705 -3.8575086680486539 -7.0070439651018095 -9.32481086856358 79.415671016940678
-18.820782519026359 16.44908472920212 18.7410566046836 -0.33574701155210662 16.409656846209284 6.028543458495 -1.1916392901571649 9.9719421042607852 -9.0433835755995133 -5.7738342521568873 -5.0955861586781293 -7.0016965055393419 79.64544288456743
-18.329773425205168 15.982358974547534 17.016473072352454 -1.1619700984231067 16.58342161061783 -2.1851082600547707 -1.6919352663730076 16.496196660844515 -5.885291468282797 -2.8829104143232187 -2.1882653682671718 -14.675856939832315 81.0647002680896
-12.775503753709133 11.768720747013626 11.360676809923442 -7.4877333810085265 10.5780886494613 -5.94463706965995 -6.15016194559424 13.121700161688723 1.741234286481576 -0.28125222446825282 -0.36082681550769857 -7.5571517598412825 82.417158928741188
-3.0074550823973816 11.921953896834168 12.226494941209593 -9.02960441756827 13.080487269816192 -0.23788557365625396 -9.6533754451118465 5.0333243993228649 4.7946591085450834 1.8304448779301992 0.045548507352984657 -7.8043510048825828 82.962165368474629
9.8573249106486038 5.1601618521743848 13.000341123743086 -6.5126200051578884 6.610192175923304 -2.4797148665380537 -14.401366583013376 -0.51455287390212912 10.220567492355425 5.0990438751791443 -1.4810482356944115 -11.377189197165118 80.239320615666884
18.350445866326055 0.5857360966580436 12.280197060006513 -6.2111337025153066 1.4425194593768818 -2.1943342747905117 -18.1906147529619 2.1849729737474224 9.36624123653015 13.23893102587107 -4.8498383241962086 -13.453736809983221 76.742519013167978
20.868408090978111 -1.7717385664309513 12.421197042613187 -8.4429367362274768 -4.8836862797985043 0.3947917700373671 -14.175158110091171 -0.18883660220514642 3.3208658237439654 15.979581311206131 5.0297778594803511 -14.008879398437033 75.769989278257427
22.056728819067612 3.6332162769953089 4.1242212668349865 -8.2341739104042428 -2.4701965163766046 8.8997153839725218 -7.9040181263852638 -9.22789744927289 -8.8416741505837155 5.3430747756735633 13.210260709177572 -5.41691575526836 74.596222794468986
19.54989116296559 13.144852203149892 5.5928717275071609 3.0702247998518675 4.0117733319755455 7.4115095444754688 4.3853957947609707 -1.4016850466857 -7.92372737040431 -1.272849108107549 4.5773959127149082 -3.8397879714082856 64.778731593321325
14.137735032080098 14.027212842222701 8.9109821822299242 7.8658831478758309 6.4203759450171471 6.0271697507087056 1.5022569605338345 -3.7980912298757068 -6.1833125126113337 0.015967345165776629 4.6212327514074074 2.5166214721865043 62.042415044837639
16.083952150546111 15.907708171836765 9.6167060409116072 7.7539959803181988 6.3832741634136516 7.4768188043228747 3.0208587811672492 -5.366039488797977 -12.189533513411087 -9.962327330919166 -3.85584554799765 0.25827258714841944 60.453939609432581
21.854246819927134 14.133875814655097 7.7835816432635188 5.8417041605687672 1.3671203262467535 10.494655871361211 8.602475058397717 -6.8878851041069415 -17.610290489315052 -5.1098034315304783 4.0246655939488427 -1.1292592436406379 59.076742925681074
12.430818215657457 13.615162453300172 9.925533526346964 9.2825436425547387 7.2349562892747032 7.3977984288141876 4.2771735813571956 -0.70206474672236019 -5.1808435083275475 -3.3700145006730446 0.072250381332384539 1.8904735501464855 58.016442081642879
13.473670692543934 -0.51573569434562538 0.11784251230540549 1.2780908197456233 2.9873543419459585 -1.184030723333253 3.2753028581275605 1.1035070051840932 0.98147029365878258 0.40742566721129508 -2.7503645427777528 7.7978485900115837 73.404053058140235
15.942475525433283 4.7341327508931741 -6.4918398744268559 -10.293106486549751 -6.5077437763704147 5.5885354143713144 4.5049956125830919 -2.3763127146579563 -4.4442509829777457 -1.9146588603750405 5.1561119045755852 9.814935761188023 75.363634176191709
24.456236963697894 1.1232673551207637 1.0440939415943804 -21.76609846768725 -12.780449637333115 14.42717041063265 0.60367857667382152 -5.027660148551254 -0.92282268136718693 2.1106275846627653 0.79850124116332943 4.0466888354943791 75.094825245862737
18.969799380241572 7.24280110537286 -6.3200610255423584 -15.130159294948589 -8.5914017729082488 7.6231004262942612 6.0108413469825086 1.2976125686275175 -0.34101172957459036 -1.7315057111555043 0.1254947596082403 4.2861465592146084 77.013714357979836
20.587184787221236 5.54277010553983 -3.6462190623475581 -22.155603795831592 -10.969488402094216 11.519136792957614 11.207635054684181 1.2126127521616676 1.6473593943974247 3.3837682761912036 1.3184080951166841 12.526404041145765 71.001845709296688
25.16021501159446 -5.188226664729978 2.2607024194341947 -23.364419613988513 -17.330839372677726 13.821837023301914 6.2130357268028691 -2.0846560096520088 1.79890691408782 1.3831727928785196 -3.5624827081300241 6.5445051422238887 74.01566538635555
20.7445532920891 0.36366621356952578 5.6760900339669451 -23.632289140530954 -10.53146156041856 13.184118488002708 4.7898864161320533 1.7791680343110696 1.611822933828301 4.1736653299814064 -4.6530994597487281 4.6615340856407919 73.372168518418917
15.128746610244075 4.990655094308134 -2.6032476495829582 -23.996403863390981 -17.300827932924566 12.920450161702883 10.046060344209527 4.2702687834681647 8.069673983549901 1.4908315972378525 -3.3756472934361113 8.9642721329075723 71.303211382758747
24.573141531033716 -2.10302924475997 6.6450310155297689 -27.420605965813142 -11.782049885866241 12.125775817267316 2.2891310922801504 6.048554987845578 -2.0862752370683664 6.04714229358329 -7.6459993522066236 5.6537303535079335 71.627576800945988
12.691606951711284 7.0531488406786069 0.34974589521660454 -12.933984871805121 -10.917990724219827 7.8290896831034225 7.4404472707654881 8.0128808806361338 8.88032847460134 0.30088875705637153 -2.478840149244423 5.7709936062320617 68.31746058387678
25.037859555900742 0.40698358502950793 6.0194876328513356 -26.230257951210287 -16.975871167233166 17.805124657499153 -2.00951340177278 3.0920214634457777 7.991205686642985 -3.3890432606962757 -1.3161695216917875 2.3814220904216525 67.990994092909588
18.370914988764017 8.0941797771506128 6.5762945292197443 -14.311568776581037 -8.08572462891299 14.132081616477906 0.23750713134829468 3.4392909258945923 6.9812435553588825 -2.528829218801258 -1.3484603174203931 5.2043804521492172 64.405307918560808
19.512329593458066 7.424514143994247 11.108935959079684 -22.829286181106983 -13.082213687309485 16.86984549294392 0.92609283768470663 5.2761329702370752 7.7027640591570554 -3.134326107600367 -4.1520410280235964 4.9582581107666268 63.097390380345438
17.633069997808931 0.9881288474737282 7.5912531104307677 -16.932578752717365 -9.0196566130349112 23.709810039856126 -0.80335085721536148 -2.2123433395608765 9.3565411244463252 -2.9137979857776086 0.89623282036729013 10.00398109099299 62.6491965928777
16.368980790826413 -4.5140783466167216 4.5647395575973064 -22.285893687479412 -6.9845376818718448 20.619054757716484 -0.090537457442466773 0.81384368234515325 -1.6123135806533826 -2.044700279262091 7.0334616507387269 13.408923274193087 64.910563371501951
16.207751874723048 -5.3577326456404437 -3.1273179741645807 -21.139556406181715 -1.1101559062288162 27.298613665405664 14.0272529549373 8.6861723370502251 4.860141837973412 1.9285358165152855 2.289492960505966 11.590497489472156 63.313044317536736
14.758127088557361 -7.6726037705410954 -5.3312228979912533 -23.978748561036276 1.8345619388464736 20.127360068692234 1.7081024707121502 8.5125096746751652 2.9051690761810804 -0.85785057946196819 1.6575599597633157 5.8972143003585549 61.626817873204942
11.702788449522739 -8.46214894871586 -6.50758241384186 -16.568654142532292 2.1744174589535539 16.107580346333041 0.69659691206029506 5.0395105702401 -1.5004151035298727 2.1345933320825039 -1.7361886160845517 -2.0139369890959165 58.935173462293434
11.103760031490053 -2.6249373243887177 0.010529606562009991 -9.8737460929695473 4.705769057120464 15.338457538740323 -1.4328466177474981 -4.5894072781633461 1.7856519890899518 0.31564709939464586 -2.6603349467090935 -0.594015583147984 54.263021754499761
8.6864070493537948 0.20512597332372309 1.6038235219212871 -2.7953672007893555 5.0311322386183166 9.9864244740899721 7.5821141801547212 -1.6446399419369129 -1.4077919392340617 -0.087712055950443985 -0.513044593261016 0.73757509716025693 55.541929862331436
2.094055542662121 2.5952787369341039 -2.6079973404954888 2.6496220531847623 5.0516458934519353 3.9778294915973991 6.54930681341865 5.5415808698262721 4.5494990621456131 2.6649371819411276 5.5298067965721973 1.3922355751259767 51.25464638995787
3.2495853298343409 -4.3233923861164287 7.639321256909188 5.2725691550310332 10.707261196963412 5.0574365961855463 3.1513910330311363 4.4835397444551388 -6.5931264390563395 0.966908589793734 5.4136748680633922 -4.1167046312139659 53.177633358029496
3.5561850665433816 -1.7470758992445998 6.685328239209916 6.6929111680707516 11.142516297765328 4.4499184701589494 3.6263619241354337 3.962715529657947 -8.62397348002584 -0.093202908653670855 2.6317607926543869 -11.384486178157116 50.820992933679008
-0.77201455776336081 4.96518724440803 2.8973756175870089 4.2647932242867714 3.9557354459379441 -2.8817652507625313 -2.8130181853234171 3.1745278483229362 4.1735491509971991 2.3772157677674537 3.4778467020489527 5.3818409386043173 43.506674351177665
0.5469771431697702 6.8195973061560577 5.0759982206082688 5.8982931857363505 6.2999884500956647 8.8081955381888051 5.8435811065654075 2.9861932270692031 5.9773411657168012 3.8979392898917329 1.9129335995261845 5.6635553441205735 44.680573997151654
