1.8202696386200341 7.8754903086789687 7.4919587659179845 4.7115091432753351 7.0064140662961449 11.526611557800507 5.1589507751020642 5.3361370965727986 4.71470042491503 2.8653496019812685 5.5397233575893754 4.8887887230344793 45.418507228705295
2.0226122797451551 8.5298790391146273 4.0126801818136446 9.50799034197528 8.5952732133756324 8.3276608980174878 9.1308818666084814 3.5746603710657197 1.5462963813388333 3.2375736183862363 0.61336083962419363 -0.29013365951697839 44.704950339820172
1.4804071036142075 6.8301978499861589 6.5222920066780654 9.9897641034241 6.8565754551801135 3.6577643199947714 5.8636444149486753 3.3384482259326607 6.1887256683388978 6.4827977913985961 0.59245272486040923 0.5606253668283121 45.291377013041469
0.91079256646896578 7.3123111517311221 8.368636894618664 13.141117215771366 8.9439244562579425 8.0791760421514169 7.2647892987748834 2.7600371922126619 5.0754776260754459 0.79757764014189081 -0.63944068540169552 0.709853432765427 42.300250362101465
0.51861750820268582 6.4054889609100627 3.2664520913573103 7.3978269637461835 7.3993453665559086 5.863259948032769 2.788072667457925 2.0456495139418851 3.1415672816829825 8.6897702876046043 -2.0670837302008631 -1.4296273142892046 42.03320170477263
0.28731629495245165 6.5979201107531713 5.1446074536722541 10.332985833116766 9.54838545650455 4.3788692916646843 -0.69032794182838209 10.000361905506184 3.3670236529884869 1.2603777829220919 2.6088013755907924 -1.2734526321143458 42.418174944584671
1.1989958982289084 7.1983811501144253 6.4996044949274774 10.079242038185194 9.4168785289463521 9.9785985550017742 11.851614835015317 8.4442389635928325 1.1718044067486237 0.44276518004672161 1.7038072009878775 1.4943939802814954 43.066894106948489
-1.0129402242370134 4.0817254470185667 7.2581965977083662 11.197024108963818 8.4781240515923582 3.4893422638171216 1.82454275030133 0.65050847469277973 2.7112791548834183 4.0263432682745384 4.1584030382310813 4.0633297244346958 42.385690409419119
1.2503171889496942 8.3036946841645385 7.1167252714264455 9.3769906719192626 6.0246163309604022 5.16641291681541 3.1608718325357721 12.678929150241666 11.722761313899642 4.446589836657612 2.874991871235181 3.4978659169988355 42.293989156700675
2.4544124129701483 8.64226817886024 5.7303178215232169 8.5400142595033124 9.3495266309640641 9.41290250394791 8.4495998470258886 6.9354653164231008 4.0670064307843345 -3.2564165267078171 -1.54821740756278 5.6111869438382236 44.374913587773321
3.4644349540360366 8.04587645235242 7.197735872683344 10.158437079511456 10.031823644236916 6.4505388315123611 11.122050637060326 11.338405260859105 10.440879962508664 5.8662002048573951 4.571973949473124 2.7403969273377626 46.085133391604707
-1.5563563150103452 2.7887732891750119 10.472294993670728 11.228915288586055 7.5287087035007412 9.1688628125172311 6.2314810399425156 0.0993369149534609 4.6893979073276695 5.282171042415909 -2.193308658475662 -2.3937739557580189 63.369265974847167
4.30719605128635 -6.5114595413929841 6.521687842164277 9.6630228865214089 -1.1487660853035464 9.5644762081986769 9.01308676348292 -7.9213874164624816 -1.719126467232279 10.887154897592907 7.9738509130019732 0.34154398103342126 80.330875666778951
5.0271835324399934 -9.2597174191946277 9.5786485173290821 5.8696504885561476 -3.8036528147218447 9.9882866056352757 7.0658514732909579 -1.4230043417733922 3.9963266709419609 8.4807806327204212 5.0653903786918786 7.4080522701240614 75.810666286335447
4.7377437757690117 -9.6466430338670861 11.760839793040709 2.7902213083131437 -11.237033871538422 4.956902075119153 7.77515967507957 -2.2514715472696794 5.8946290532218679 9.7652720129552737 3.2368345159189915 8.32031248941983 71.839172468909339
4.5110873923874033 -7.8431197376913762 12.227647960818517 -1.4832091145201729 -10.442595735476448 9.17840721860005 6.42137682076349 -10.731794687669538 13.425618660677989 4.7104836213166905 3.6072574554788264 1.1216282871478298 70.192145932387561
6.5813060144667777 -1.4672475470069568 16.794294837197697 2.0282520794182335 1.9743257909373038 9.3417263711452989 -8.5582388763272945 -12.405583513366926 9.467646352422 -6.9019721348850176 3.8518687990939995 -3.078438361684412 69.218114953949538
17.031093808489615 13.007739022306907 15.403929693267656 -8.3305169565930317 -3.6782192358534713 2.698087789416737 -10.073161943482438 -11.59016075114117 3.4150777409881306 -9.8458051658533066 4.1807321984479433 1.2325455813863688 71.81090691058067
20.254385210391856 10.270683741008405 7.1931516984664192 -9.9101918919076244 -18.651174990237394 4.971947052645401 -1.1069115046607754 -10.400427154634176 -0.46983072180862412 -2.0466755124255012 -4.2507081348431646 3.2408957876343187 75.462093403911226
20.564914878993363 7.8445123802280046 5.8731039861038985 -18.52653915208893 -25.970321316401076 11.591003611786606 -2.0875398559499083 -8.67459585113462 -7.14211535220971 -0.92198220168565281 1.8285371291463886 1.1333066247292383 78.14228124335466
18.5189098682575 9.47530534165504 1.59150858830608 -13.752623922075975 -24.597621168805553 8.8248039285833979 1.0123665764847498 -9.958836078617054 -4.0936386799028277 -5.0357460666501082 3.0880407190068233 -1.1513859345854518 78.770029394129239
20.541728799539715 7.9039299377292807 -0.63066410743030443 -13.464574517964154 -25.492966507172984 8.63912004489755 6.9409197775114935 -13.772085700326283 -3.2693675007066458 -5.1170812411390454 7.1918227914646042 -1.312711995845484 78.072171884790734
19.391161752189159 3.89404713709377 -1.3549113420519463 -17.990167866872131 -20.844689024220656 8.3957574514009874 5.6087104247771471 -5.1104769916049726 -1.650845811620675 -2.1910995661236119 -1.0466400638409972 -3.5050683215536904 79.240230524018784
19.359556174712832 -0.61057145594176676 0.4700524307625894 -24.104108416019276 -18.685349231248885 5.7052830052283 8.7286021577819231 -5.0620002253864937 3.3713921046173185 -2.9432477401881445 -4.6924640987425246 -5.2222414954186691 79.746819659410178
21.110602376160514 -4.7902292090534946 3.9355334228513423 -23.395804298268047 -19.41817076373502 7.4102677207459013 6.2880310124199719 -5.2084897852894727 4.0490252265999818 -4.6117979305094536 -4.8255888989603353 -4.9374618979478928 79.797180369362266
19.485106045025461 -1.4424265985530749 0.59803522928611663 -23.978689367138863 -17.560895356509448 4.6448411973502717 5.9142456654063595 -5.3968452896958024 2.1090174435790487 -2.5748318968116424 -3.2123252707870389 -5.0376846900371373 80.850046208259926
18.151596309154719 0.78552524289153847 -0.5467050642642387 -21.305131782571969 -20.712096485627349 4.7286963736836549 5.1620199976696464 -3.9464304226561997 2.7549106850880736 1.6370874578151982 -5.645180690100621 -4.7420616755353642 81.2967783883197
18.980619914029951 -2.4364610547158958 3.2609264070689714 -24.087867374479764 -18.13993643936206 2.1642183610795334 8.7258625562324763 -5.8314620487468591 4.1359311283627243 2.1530934127292456 -2.4917074995524788 -4.9917432610040215 81.582631398609252
17.766220523734052 0.86077990630264289 -0.838631055437207 -19.965205156599055 -20.348048762825186 2.2875101928662556 4.7823765881112292 -2.8262788836381514 0.59751779882740708 4.2453313160706321 -2.1207472011253969 -1.3908419785529362 81.881551839481133
19.630659767387229 -2.2561152068494539 1.7611716755131823 -22.455579551106855 -17.995256006738558 1.1998110142249121 5.1345785491753348 -4.69961032418321 0.21518623649358909 6.0371234484073382 -0.98069976300695139 -0.44725498640053929 81.508750622656024
17.875159469748951 1.1653656791201914 -1.219857032004724 -19.571250916198377 -17.615768227975597 1.026593134355297 5.2373960522987231 -5.2388628433465252 -2.2654623850910496 3.6150775141393083 0.99746596848128322 0.50727720077180549 82.046247070460353
17.435462517081156 3.7259662032594485 -2.1570049017620692 -16.51082079854762 -15.613345274723443 -1.5492617123851187 6.1061188821622 -7.269649170359008 -6.1844710887352115 3.8886538166401241 -0.05590726434895521 2.3729550877915098 81.999429592690447
18.265053621522686 5.8414629521575137 0.60560182308481392 -15.82954907770546 -10.401557432481571 -3.9902388830960267 -2.7024077619022386 -4.9446639104883019 -6.8187474163204014 1.4698607937625954 0.38703103744256873 5.0659350913830661 80.666109205287086
17.61140091196847 9.2129172829083466 1.7449814383816924 -5.7015132595962941 -8.86301078297383 -1.3653661557219245 -4.2592149160064983 -11.963910975074752 -10.413607404455123 3.0597827863969447 4.241710235396539 -4.0047142645191611 78.580173427458135
11.165824035405358 12.21023226706555 8.3338576200127186 -5.1756410319865189 0.970978661338849 -6.07922418369878 -6.4612480978695563 -1.8294762226167882 -12.661968546360555 1.7505912165538411 8.5876177357817731 -6.1384133783656516 78.2110294054369
4.7794631820150633 17.257263988892138 10.856518351687795 -0.18424672269107181 5.6803323664962466 -1.9922493213500965 -3.0854490454745362 3.6642204032850483 -6.1271099095661254 -1.10550491108054 -4.1241984371217484 2.2252052713500339 76.09654491682501
1.0121573190016095 10.941478896322328 10.843289197333011 5.3979200667262957 7.698600989490016 2.9617766896717534 -12.53677651702751 5.3974419246838146 -1.5729794279258791 -1.6963704213662227 3.0990171694168347 3.1774960470438085 75.857854042775685
-3.9699170219077065 17.772631992177349 15.007281653496442 0.21169376943800861 16.368828166197478 12.580126556347354 -16.476811390409669 5.1228269370116957 -6.8054619951389013 -9.8734810183420141 5.55400031358079 -4.4782438210444759 73.699046630418
-11.946073038795934 17.566171615029532 15.063349830444745 8.0896135123640978 13.427704480041537 8.6034663691475579 -13.201355411153722 0.68986180526735263 -3.742913981553198 -9.4273977955335226 -1.8309102874258321 -2.5310983286409066 74.261530894924846
-16.742343182739749 15.158143824823968 9.7397913584115354 -0.54074537282276081 16.494890944702362 2.830820838736547 -15.422416621029939 8.6185955840743347 1.566428750445316 -5.4980224139174982 -10.379022825607741 3.1129484071152409 74.147983277566809
-6.7432295300993834 15.226198790110564 9.0649099310917087 -0.05967209213132546 12.776624944296888 -1.637570846707457 -16.989993459501122 8.511554287436482 -4.7859454182144781 -0.282945760645429 0.44071146184761756 -1.3931479687764703 77.4531699080837
10.196699779506844 10.606088412264249 11.797803655245373 -5.1983520069821925 5.7563992940440318 -3.5350248160314552 -13.709053511823036 -4.8065968233790368 -9.8861740051605516 7.65730721875991 8.51809103026311 -5.0208085097118831 79.283209476791171
18.324759113171417 11.649628613976736 4.2661688882299575 -0.86684260635681709 -0.45308509681733911 -7.0073768979188387 -7.2566183510945264 -10.45835353277683 -6.3338471170003094 6.0758333317509186 9.309690059654109 -6.5277041176179518 77.0935386100385
16.792618859733924 5.9249235957933388 3.2297500394772229 0.83024559422371591 0.085629629858238521 1.3861313825636943 1.7418152496346822 -14.998483827322495 -15.602542110290894 1.7020513670292148 5.8042662483828824 -1.3003752313117822 78.955383698112229
18.730311144166755 5.7096121795264168 -0.7209550956332319 2.59179727672253 -1.1629339972532347 -0.859876876753256 -0.68595973285541734 -12.948113278643261 -11.849318826474079 8.7749081337460257 9.3308970744361037 1.9403297690867354 71.918696947191265
17.119888561283556 12.005714611385919 5.2716236706702109 7.2592716875367573 7.5874171054767086 6.5039693953851661 -1.0727922799370966 -9.6015519733601025 -9.6766948972302167 -2.184844172193936 -2.4850254017724476 -4.9604554024816219 66.579926112355849
21.465103351350539 16.201065136386127 7.7807502538382254 4.0766550181628505 2.4464147606762681 13.587417736443561 13.111100073730967 -2.6572206615019667 -11.231367786116182 -7.8300921313284295 -7.2848939599363112 -6.8477479509544832 60.794519788974164
13.181409939280458 13.098926545696688 7.8256857047635542 6.3041944642589565 5.4993435058860829 8.508873226746708 6.0486111690543654 -1.3529334246381015 -8.0857816510066645 -8.0864941511265123 -6.0920078707610994 -3.1939465823397222 63.698172737058606
17.148174515468369 16.950840209243839 9.75975982984491 5.9414778479947907 3.4516401642798478 6.2341526205723374 5.8628024431221206 -0.88214921482679953 -8.7649246029063548 -9.6307180397442682 -7.1542989243199777 -3.2968646941086219 59.394402310875144
15.786054441688893 5.3408828442463339 7.914828813407337 9.3493358979680039 3.9454398871240857 4.9874366867221145 -3.0819955858738353 -0.60152540780998609 -5.1869390649450482 -10.458520854971807 -3.2427188809858234 -6.6748424207825146 66.031172363271466
12.22369696166993 -1.5247201955417846 -1.217438802190324 -1.5290467472945213 -5.5761727738083104 -0.75362841741501851 -5.379957445098781 2.597113860092354 1.2208983510256697 -3.9438273065765519 6.7897823836353206 0.60520118108781018 73.377242511116393
22.591168688186723 7.6188605933715126 8.52983655749328 -13.966557336452167 -18.769436159968652 2.4074848546142249 3.406253981885059 1.2133888839634532 -6.0302533478643179 -5.5213441048387217 7.5622104034273541 -7.4698117410216538 71.002947886470068
17.143318306804648 9.8282532657973256 -0.28284487902269118 -10.060015705920229 -12.994817647019349 -1.6011315044535113 2.6501664275058276 1.3143256508402463 0.33341447952390607 2.4908978403739024 5.78723964702968 0.61267643802528171 68.24097543114992
21.713580591672777 7.2853846808999609 7.5678353621456527 -16.926126547808344 -17.190599797652617 -2.2132254111311469 3.022921576749861 2.0527341391271121 -6.955392450593056 -2.7322683374942152 7.1475460792693 -5.5909526399466225 71.592918052827685
14.885708216094564 9.84100523362427 0.38834465388480793 -8.1009582882288438 -13.975006558050778 -7.1432172964702021 0.33936108555268613 2.7709900567281545 2.0672920595176461 5.7554927382170824 5.8329245605044493 2.8274091481787078 66.858927168560584
23.297311394565426 8.1591260846046065 6.8434017344161129 -14.577303285058997 -17.540404514948321 -2.7666399491188369 -2.4001071191358139 4.898145284753336 -8.78084437813704 0.61857315069866037 6.166480087333591 -7.4095016543103878 70.084969735997362
14.802579795764704 6.275406051919787 -2.9104620616358066 -12.749128685065603 -21.806802607768571 -13.116992107582552 -1.496362424241239 1.2170768523489923 -1.1628504535854527 6.3984083982268363 7.4919234533414674 1.235667829530062 63.922935824011439
16.94631989943829 14.316369792623568 6.7388334562360956 -4.103558482661092 -12.27192179700956 -2.4658280491705238 7.9970926990902962 7.3074881753711773 -3.90097227733836 0.1846115032270971 2.21570167372338 -8.0918148793595854 65.789010814875752
20.938106697885949 7.7357205495718846 9.184111628763 -8.4100264151111972 -21.60591767762584 -2.6492529190375387 11.130888808788544 4.13849712028911 -5.4003802818603779 -6.5961777870490561 10.890697148820813 -18.534634232789706 66.504722793886074
10.649061042243343 8.8783345957189326 6.5628010898791045 0.17782198467161112 -10.282414748407852 -0.669104477873823 15.222606678253515 4.6414170244077155 3.0621084763644952 6.9690315057142271 9.0917539279140254 -10.280818524382193 58.276822469342434
16.644785695537269 5.2069546734216141 4.8663194504432274 6.9866392088847658 -7.4928011932846736 0.01150682306334592 7.5088033214685126 -5.0057235047631412 -2.2731402569947954 1.0385296941541371 14.138710781499185 -3.3322689666534098 66.772698538128367
17.631266213929234 5.8429162978243951 7.8938826783357285 7.8275710667764784 -7.9930076856500989 1.7245032056371288 10.639331954802955 -4.2602320595489749 -2.18482729107564 7.8567298349995571 8.68929978722718 5.0334731342841614 65.5023212839962
14.66459767783512 2.8174576708250885 10.892607695998601 11.964972366865236 0.11395273564988985 9.1818502756061715 11.454323036907795 -8.9803069394263524 -7.2558491287879452 6.5426979866994088 1.7850081106757929 3.2625720134442209 58.406269885663214
9.8189380191060778 3.1208850455727952 5.1118616407015152 9.9530995807160334 -1.5551363307382253 5.61467669763455 8.70810089173854 -1.7562714211084749 -2.695120288250842 5.0098534342448131 -2.6455536528924615 1.2257390851813172 53.585071469593451
7.2727521655467289 5.7399207929783422 6.5808048312145946 10.077147763094141 5.1156790896291664 7.4326082849710522 9.13031285585464 1.131237076316264 -4.0709832811330742 0.59902861908307381 0.51113928740124259 -1.5609571721450615 48.981223540976764
2.0280151807383424 6.0750932082648346 3.5003459888606479 3.5102045537100373 -1.5952333095079354 4.5053389407246041 0.84193775406048932 5.8627663318326837 1.1098825670587387 -0.84371410027957616 -0.6795524206241581 1.1908133987668699 43.393914214652249
1.1412826677425953 7.2919033496784706 6.4696505423061614 6.6018837396861612 7.9255230148965445 5.4765410255315192 4.4949029481671134 7.4072251401249112 4.8868262662422683 -1.4374808421979686 -0.049430767452590563 -1.3989294468955478 43.91960491282363
6.5988380735806205 4.4498059693784873 5.3549323945678058 10.358669069886759 1.1228365277081653 -0.65665041564193283 4.2819437918702477 -1.8470630522679881 8.1383101737163273 14.895239403342192 -0.65439874729006342 -6.7984140401136148 45.819136558683553
7.8180735840972337 2.4739582853710189 7.05136550939093 7.6375906247785608 -3.0363237660495845 3.9763670382684331 9.1951372200232626 0.88247261260341447 2.3531478146744904 3.4524304026560313 -5.114888865279335 -4.1769531129570137 48.523411303614331
