-2.3978894964980482 9.7621119933277161 8.9494343329094672 6.2733119581309538 -3.4618286687554325 -0.19204320947381667 1.6117882714118306 0.14546389508203436 -0.33936811075915629 -2.9379023978557104 -7.2448577879315508 -4.1377384128064936 36.303793827337593
-0.98996590064441037 7.7953150795894643 4.58059722859376 6.216583840024521 1.5302647627428259 3.3743815310888321 0.92970428966003915 4.4808368435748935 0.95355128757363539 1.2987918413597179 -3.0363919339616494 -5.4659165556929086 36.628638899345169
0.32623753978898468 3.536633509988238 2.9811286032044237 9.68102279558646 1.3159494298086878 -6.9116832400017971 -0.73945120048664 0.989985752265324 -3.4942749523324164 -2.1847912240558136 3.9808718937636156 1.8192910829569751 37.564062793704288
0.51072101990503072 -0.44947849484609015 -2.5447890532970505 10.532347790005884 -1.2655799714139644 -14.384579970962237 -7.8289639749844611 -0.27432023790724164 -9.325152024271846 -7.0257147494394 0.39892322279639542 2.3161127064140326 41.698950973079128
0.72508964362359962 9.2197443177019149 6.2403478154778993 1.8763095847419147 -1.043572641040283 0.99058110481468753 3.2721674060777772 6.9827818234290433 4.3409421297933122 3.2577343768514546 1.7977725053585032 -2.5018562300038738 37.726393118325738
-1.7323313045785163 4.018513814257914 4.6482923172071331 -2.9574587860387487 -3.1365509587812554 2.8699103477656385 2.5722737829201252 0.87673214063188742 -3.2307424894194061 4.7382790868014935 2.9715719870284545 6.5252585284928486 40.540045975205523
-3.2756700502953637 2.7340030011459873 -2.5668046365498971 -4.2664083451601718 -0.7368809499392962 4.1061970633765723 0.20342548217395004 -5.4630136502209314 -3.56993933429641 -0.1394707242945479 2.8131435993923377 3.2990456423225929 38.958430473433815
-1.1708958014311082 4.2736397323366813 1.8498341847753457 2.6500026806011694 0.045237180026628583 -6.19905318913798 -0.919636158293934 2.8850453744872091 1.8321797322527731 3.4002104718615107 -5.60343362876684 1.2925908415258911 40.546959236039569
0.67441559388572325 5.975264667990932 1.0223233801608127 3.10872162091681 1.9437664481815524 7.8898938507856036 5.8698931171496955 2.4897024639209282 2.284421623338635 5.3366056783583051 3.3484893404889511 0.77562010552934413 40.761050676695206
2.57902438591851 10.768177637613249 8.6539501394294653 6.1384126025015968 7.2877049872720114 7.0701881911092155 5.5437428584292228 4.4071246389199841 2.7830908037509858 5.2059859663341408 1.7372373959092637 -0.050505128887568959 43.492776765304548
2.6379268573185533 5.3212369246498357 3.739004300925914 3.5559625190683368 1.4875389255086147 -3.6673549721542544 -2.8164075702902434 0.13825359313873986 -5.8721446920631113 -7.8024740037759734 -3.5387290557102578 -3.566166105556476 60.369159551819315
-4.1102662173042539 4.6391126997597851 1.5779092802830432 -6.5427121319650983 5.233291756355765 -8.003482150165107 -2.5971899835000145 3.8659804150673049 -5.7101262109964184 0.6676531732629496 4.2070376298987782 1.1702163549447298 71.38520301063329
-6.080718597966122 5.2558375056021474 -2.1575496967927341 -4.49041345276677 -1.6619184176865485 -10.032523827946131 13.30688628190522 -0.67524389817514019 6.1669047825528978 7.0302860762229695 5.6078339833799262 5.693686562530897 72.98761727836775
-7.5600355402821124 2.017693373713048 -8.9467494417682634 -3.4553848734395527 -2.2558422061890151 -8.5247045012498823 5.6169551407319132 -4.563356644307353 10.058743942305695 -3.1688475780408232 4.675134696451904 -3.6904720463968834 73.328619574044026
-8.1943528273714126 0.26381679652225148 -9.76250796544965 -3.1458628138416556 1.6063584065141712 6.4220004558497452 10.298295874249673 0.64571554682545929 5.0234483406150066 -0.79973904710483379 4.0799702436456782 -3.353186575907563 71.80823539294957
-7.2181522469745785 -2.8616712571777212 -9.6012397895775869 5.5726797834607185 -1.4803137002538103 3.1245443037925833 -2.4489727313593947 -3.9825587208725173 2.7990395643236723 1.6126806852966462 4.2012333627967733 -0.75269540237775456 71.86115482554203
-5.5217051957848629 -1.5612281342791798 -12.090758605265844 0.48792216162570495 -6.459291643595785 -5.2622877628984925 -5.368936971488111 -3.5518274438834774 1.9916286022221403 4.5611077261984851 1.9559851522888159 -4.9085707218380072 69.540599278940192
0.82299978442699329 7.1275499454820617 -1.3910223370173014 -0.038746092972876768 -3.8734154784763923 -7.5537456541192132 -5.4495871589737419 -9.6386541088416813 -3.5193641385663113 -3.9291805360877547 -2.5334402543284766 -9.346297926306173 68.626812160578638
14.1471702560105 11.737206574568408 -3.6623534591113653 -6.0120912650933533 -8.1067679798747445 -9.46572053741496 -10.034704668493646 -19.857638419293636 -14.135947811587299 -4.0523112416560609 -2.1168052230568271 -8.8034196553910711 72.30193083452582
15.888412956069271 8.7210643915592652 -11.890273348288899 -18.757339139085303 -6.02770631866544 -12.774687304726211 -13.974357584596332 -14.374294505064004 -13.282303960477089 -4.2004184459825327 -1.6250795733311985 -10.417840859152797 76.492545295907476
18.702954407858936 5.5134127723981718 -11.255979030340193 -23.920251478595695 3.5753590740632251 -7.3220096965612527 -16.727419419732296 -3.5560998119409324 -17.688178843623312 -5.0596705779862861 -2.2231908203017836 -13.685465100404883 76.9880054938839
17.519735925343877 2.0749553948802366 -12.738029579737232 -17.739048038590578 3.7980344611929842 -0.10089908262930285 -15.73768977599844 -5.0799200182718565 -9.7709126353210181 -4.4122670933368964 -4.9672096981715566 -14.781053874864948 79.277703866512581
17.006634926050332 -0.72205271224331835 -14.141176575231105 -21.639489566640247 6.7303058441706352 4.1382179799688865 -18.367935554142559 -3.3253035360486658 -9.1308880722635433 -6.0130078749764158 -2.5123069359693071 -17.025046979061862 80.336326031885591
16.718885093835912 -1.2197608564029403 -15.636906801161121 -20.967786021420419 7.50954731471666 2.3719542687090458 -15.793103677232741 -4.66735919531591 -11.251703481724626 -6.9012998053433217 -4.2467780972054783 -14.128395925564565 80.603281961149634
17.3006263343708 -1.8924276902098534 -17.005026960029262 -20.150955563316309 6.9108710584823321 5.5409948480986913 -16.460782438886461 -7.722629258638805 -8.7037230178258937 -9.4316186574619643 -2.7525374213058642 -12.982129590730358 80.4401318268487
20.089651595708212 -5.0237960132803146 -14.656488158976995 -25.878796771046016 12.722002800873721 6.4242111462818992 -23.422362900712194 -3.3243715256555673 -10.006518952532817 -11.614072990764651 -1.9994089892846862 -12.17538575893761 79.02553272737029
18.73663808119715 -4.0933798407997992 -16.625218079748585 -23.042882211448116 8.2550334703664809 8.7309234578258668 -20.192093797260785 -7.6685574651471233 -10.871500130968586 -11.266804519871053 -0.511751640602156 -11.754652415108048 79.665172685887228
20.873184085020782 -6.1333860648495833 -15.968229213658693 -25.473376415346941 12.577070055104185 5.8604123659905332 -22.84578949208348 -3.3494534601653481 -14.935664321543067 -10.332802073957653 0.0035512277067588638 -11.80889338741849 78.578251072160739
17.866435393484931 -9.4611811047754664 -14.89126122225932 -13.965628537753286 5.5389522660548067 5.7829068123781475 -21.59986286094427 -7.3903161147325331 -4.9000673298236528 -13.403406551549045 -5.5879465788061973 -9.3141877084507083 81.761317962958643
18.149611737444591 -11.280759365566825 -12.882149982692649 -11.268706944839652 3.6011242802867427 5.30497898031548 -24.509836877068757 -2.4535347411837165 -5.8346524653835665 -15.480550657179556 -4.3926648312009835 -14.299495936168329 81.986918922618216
18.27008588644815 -11.364349467416963 -12.777298165082648 -9.3194685942587441 2.8823755205409123 1.3787487115924801 -20.044990706318149 -4.4981664523320344 -4.0903050254087026 -15.631035160933529 -8.12591669553835 -10.713386926631037 81.899897381156961
17.350929331080518 -10.359683635960613 -11.99241024369066 -10.686095687849345 1.943388014196654 1.2666894639459343 -21.776301578621052 -2.3082283468229461 -3.5142546654124649 -17.065204360039122 -11.11964622474189 -8.11120534243044 82.262116981640446
17.006282839444022 -7.5692371406682035 -12.67312741345809 -9.2333776463732828 -0.0090646502881000183 -2.565531675315567 -20.7568104140935 0.777277726513224 -7.0607859460662485 -12.986394288804126 -14.608443108162627 -10.644660942309034 81.559099721498924
16.337609404415119 -6.1490559621892986 -9.7432516784278587 -8.8587989694081273 -4.8771366766093358 -5.0933805747454342 -19.259900464704209 3.8721733727243173 -8.4928257171945614 -15.666813178744201 -13.006511508416747 -9.7573378219080027 80.921872931733461
16.3031715716967 -3.5799810891581951 -8.4908774226865251 -8.855589022950932 -8.6615410674325641 -6.145811064163059 -19.02204296656075 3.999715983901436 -9.7760237127306517 -9.6932341347773434 -14.918097159149934 -8.03668593328578 79.957639963068615
17.366086133810615 0.13993686897752217 -9.5576536702498718 -7.3248461883290208 -8.1184282161296615 -9.6050666937103539 -22.341358538103734 8.5642309553406957 -9.5103867021388577 -8.75962377714724 -15.924480740131644 -5.9031158582890253 78.00503382847134
15.350469813363913 5.16330209784832 -7.5147937200466695 -3.099743373891386 -8.41027798173744 -14.167810552196558 -13.704465732636235 -1.3817265430309273 1.0247915076332936 -16.614837218485189 -13.000206874252973 -3.3596847644305079 76.075534213181029
5.9169717048019264 14.654824133456295 -6.4162740605917712 -1.4457944314747153 -6.69822627299086 -10.16396712298298 -11.399766688325705 -3.9933190814044326 2.7957454579927528 -19.317908423865198 -9.960513938376268 -2.3055687591271252 76.7807041684613
0.045682924887565986 21.545656151976189 -5.5159917155040539 7.2586601793915575 -2.1960214771305 -14.974907290669119 -4.8616951504448345 -6.3328031660789135 -2.3867462161759856 -13.775403848533713 -4.15096876463304 -2.6967819501606103 75.218942123349976
-11.71519234636915 26.993574295510278 -2.0296654695276826 9.0904743624748221 -2.3125912779238105 -11.397294237595945 -0.31490745203091675 -4.3544560103713872 0.26004432181367215 -9.6246940598894284 -2.2834185394797055 -3.048257380988058 76.645007917392164
-22.397173564951004 15.16592129135763 -4.7623842744175837 5.6464772329042558 1.6732621611558225 -1.0666596607247987 7.380172810885905 -2.8230103055644715 -9.756453279393229 -7.739708056597828 1.2068486466924431 -0.97808742385945369 73.809274992641036
-21.823576230976069 9.7771106512571144 -8.432341247360009 3.3619415648102677 -8.3541286206548087 -9.5192856025998527 2.07618472835186 -15.441025226905898 -4.2405298031892578 -5.79350219006714 -1.6969204659968296 -4.3355088664958359 73.37344804046019
-18.86242956047214 11.580465854045125 -9.519987896548562 -3.864248241776044 -8.2997403120935882 -5.4925649260101324 8.8384097176609764 -6.77218469437971 -0.2329584312228849 -4.1151831025599224 1.6689668224297871 -5.1252217381940683 73.086709977634555
-9.1143592733392218 16.596278733390388 7.5875877315211282 4.2388203861148117 -4.211040424754839 -13.575042156914046 11.775703509929629 -7.5751519753716163 -13.274573556685823 -9.6640878920958819 -2.0717988781858319 -4.5834812561779872 73.721832997461519
12.255128193975114 9.0774783411920783 3.2723817412781058 -2.527939415728635 -13.247532018554244 -16.610814922547416 -1.0778688607298297 -12.097517071877737 -7.2015922218408654 -11.313385582185834 0.35810187442945618 2.9121208688508147 78.282451604468832
16.098617928046924 -2.907543405940098 10.255617144078524 -6.368725150699289 -13.230492054826186 -12.634661908386102 -12.432799209793991 2.6701357567794597 -14.691596837521825 -6.9665292436849287 -3.6329322303775591 2.7426016904112465 79.693311209307737
16.228428158667327 -2.59842905633806 8.463111998220894 -5.5757292497906388 -12.334902425058479 -14.654018627842081 -10.601814966138523 3.2522685117137984 -8.02771183165121 -4.2282905653126983 -3.6952583041801184 3.43991215377232 80.704678218079152
19.469585853699694 -1.4585106326061876 5.8247487805025155 -2.9040103197135507 -7.3681745945538015 -11.068252346914813 -16.854386122831375 -0.44803007293914682 0.040793282639864384 -2.8174110304630977 -7.0651393801833979 3.5410815751479983 78.06986923907732
19.181812265698678 7.1881478255651281 2.4497142267851579 1.0249284428127881 -4.1265270841592541 -5.5819075582135387 -14.997788360099621 -9.4984859272389777 3.4734614176587306 -0.40667951547124914 -7.9590316585976666 -0.51382908097283331 72.494147343659989
19.743801600552796 16.997686933405738 7.3296610000376976 4.7188249735496139 0.789252634128693 -2.9663285266154409 -12.196112665967251 -11.246535383359959 -4.7081033079797514 -3.8244139079154302 -5.10153666299455 -4.410945874513712 62.518100176740049
13.104885204140686 15.206552830820639 10.924627363351416 7.3624958872547088 0.958019133011541 -3.7260255502210264 -8.11106349821872 -8.3181595012180516 -7.4431458553928458 -5.4526818344280121 -4.9322779654775948 -3.9473674386336723 62.399781814279372
5.908442857606591 4.8765002252672121 6.0921082628833867 4.4463006321852987 0.039009494466990507 -4.2630687401513816 3.2536457621507213 -1.8863345102130211 -1.8582356662315676 -2.1496486686123242 -6.8587974526155708 -5.228636596934134 68.874677878773738
9.441351831974135 6.4533339804523289 3.0694526464832332 -0.31353383090875664 0.22316948161467956 -4.9931051292992565 -2.2966712353723562 -3.4879224030801508 -3.0828148131634117 -3.1681099588648176 -6.9896915963895285 -7.8703340855104376 71.824563437704512
22.014840814531876 11.543787763039321 -3.364434413249386 -14.092334415832571 -2.7085248458017204 7.2348023429654509 -13.397621922539207 -2.3790872123650062 -2.708864866493546 -5.0823154456084438 3.48347682550554 1.0889483773960469 71.704875166308042
19.32172943163911 10.10482445661588 -3.493086076196116 -12.742855018515726 -2.3733641237870104 7.9890365479563128 -14.212417441272045 -2.1406191875719607 -2.2887297372410402 -2.7333626145777146 4.7877086290716306 1.3983124277062529 74.24316196449783
20.869375715439347 11.32399901616059 -4.3259033323701566 -11.95450106326326 -2.0717079349336984 10.0182252862611 -14.96518389986108 1.7640009618990022 -6.9044918468123351 -3.4431170592053659 1.5253145794638625 -0.44029601378561528 72.473157900307314
19.899404949096457 10.432358224941035 -5.4582212162465149 -11.872113858201592 0.24605986119820167 8.5751395070514782 -11.132015605425151 -1.7011071928577965 -5.4970755842243628 -1.6257390696091907 3.6158474622372685 -4.1850154844983543 73.312938585403231
23.017138158296486 9.5957308732584 -5.2367404346364363 -12.401284868537779 -0.13611232943287976 10.020201776722676 -13.93024790931633 1.1240443865878738 -2.959763393541528 -3.40637930446511 -0.56345917921653421 -1.6173745614979287 71.244737076840025
21.111284291429712 11.363581094017482 -5.3087516040552041 -15.054853043401629 3.1701367096620467 11.585359097955394 -16.283159263473696 3.91387947813691 -7.3937875556390118 -0.20010956612327882 2.8809744495615384 -5.4705437994762409 71.487228445617362
22.963903536706489 12.411952162618764 -8.2537780727018948 -11.406049773701687 2.0104530187743408 8.8726419822947236 -15.100646437016412 6.6661268027997371 -7.9182055983621789 1.3410731991125664 -2.0526077992567693 -2.8776786972579846 69.972099955914416
22.96742970247179 12.484718278174302 -5.6246274128280751 -13.74167485668675 4.1053554410697695 8.363392740378961 -15.550161459059288 4.1881891168374548 -5.1422762156067563 3.0538757972555666 2.5318566307371588 -8.4495612416245063 69.150643644840116
19.553787150910384 11.232944047993456 -4.2536733449887443 -9.5328021922818618 0.89616766301529271 6.4739621610450051 -8.4712206388728113 1.3262550108128082 -3.9678541315958693 -0.094033539549800524 2.267543496140866 -5.8824835447057966 71.093681943930434
21.04103873484566 14.534368081900734 -4.6102470587489845 -10.009029795218654 -0.17334179032912744 10.533179514537355 -15.014281442469569 8.4016911885575229 -9.4334806166742489 1.3605495130797742 0.969720644456588 -2.0537249295682471 68.4235317500904
18.025269820182221 13.312185039911192 -1.7866186699095 -5.9300851810627293 -1.682847504075407 4.7210459301151637 -4.71221210817609 0.4629158275338307 -5.9232918253826439 0.51044321037302343 0.78383964727484579 -2.2418934331434288 69.224232081005539
19.948009131313292 15.583168730090218 -2.95800968246718 -5.41013210846586 1.0084181553594278 10.212710874103264 -10.552961587612446 0.0086222678387310771 -10.168825857394234 2.7530420706527332 3.760753038251444 -3.0205907620330104 66.104529099161041
20.814623704706598 18.103993543776845 -8.4198156625603637 -1.8542182598763519 -0.266117367114842 13.639257293522551 -5.0275199991302753 -2.2792961593467629 -14.007296198936949 0.18300166160319054 0.828007781632203 2.5334957994902787 64.324123714203452
19.034969640429679 14.211615670302452 -2.9345246064922721 -1.8611880720177414 3.2506757967496087 11.200641049862879 0.83682713659313435 -2.2014903337006744 -12.940442060574222 -3.4651209504520195 -2.5810646640441881 1.2561871467560792 64.46277009406414
17.710136842156679 16.229544737710835 0.087486822602644537 0.082182833713671258 1.388175485600375 13.555094069694459 3.2088254652668278 5.0632723318996993 -9.4809531222050971 -6.8182196739682217 -6.4656703138423062 -5.2595971087621383 62.084997180997689
15.532553377028515 15.58854215680361 1.9402919658766187 2.4098454284694908 3.1733175382524159 13.762008350262986 5.952375064967061 6.5752346008523119 -8.03662099514789 -8.0554150741572119 -10.093041199247605 -5.7731515140932164 60.556440527400419
12.341284159784456 7.666505589005185 3.7168203682523466 8.2047655051296218 9.0400789095332019 9.0011773833481925 6.5761886441381563 -2.4485802962259675 -8.7079569775958525 5.4418682201593782 1.1448089419630805 0.18471973504992056 59.712927462300478
11.663151910237731 6.48510102923939 -0.1169174581690129 -0.38881058477420027 1.3113033035910249 -1.4190681397965741 3.892988619443551 -7.8537514726541611 -12.005670185707123 4.9443279844074333 -1.7220831131076331 -2.5270729765971391 61.226542773108783
11.309057765384766 6.8984854480080466 -6.39162850396374 -2.4338629113666346 6.2341246352010566 6.0724081322039165 8.4230985975973578 -3.2138128770807879 -5.4759067253801321 -10.196112529554869 -7.7395406542784819 -2.3192460277959541 54.020723803845158
6.5994104368646953 2.4127356033230014 -11.284368551138957 -2.8277478989085369 6.220356880612198 11.125876188761218 8.3401694301318656 -5.5892932519079377 -10.345803983580756 -9.5355328031329449 -1.0910353794202494 1.5049447203942456 50.397014377626668
6.2822213235709361 3.866460861176634 -10.569843902076776 -10.981167030155698 2.2838299539295637 8.1181077359481062 9.9288339471476288 -2.131986953880094 -12.475934677958675 -7.4309176216504049 0.71468575264992285 -0.2244320913698466 47.428464142459809
7.7317676549317058 3.3232902545159035 -9.0318478564875324 -6.09707338800334 3.601513001157906 2.7399576147398497 -3.3514345805696557 -5.0681077111765278 -14.340750470703505 -4.9916635722701646 -7.701066090236151 0.98245427345965253 46.313303900806225
3.240843036919995 0.38248679260840579 -8.1356061847338541 -0.50397997398327166 2.7395813989289679 1.4372189857390376 -3.34516297230001 -5.8009938023387928 -3.8918224474086243 -1.4516384138818477 -5.8892855995562829 -5.0232520955691236 42.911512760344735
-2.4395685731013748 3.8136630989396769 -4.9050448590029756 -2.856000028144571 -4.6597447239663623 -6.7999282436538842 -3.9566532034218853 -5.6294035379327605 1.1976857626622837 0.20010285183923843 -9.56585943303867 -7.2220305713211213 38.202137578178245
-2.274780589276951 3.8260685572226416 0.89927997350781264 1.6247581474838773 0.7550304964031419 1.5276312135756043 -0.80780614858189725 5.6225426164987162 0.53268852305636039 -2.0377220325458794 -3.1931448449484061 -4.39350467041319 38.904184293503
