-9.2662413704408877 1.7178209168188787 -2.8186841080514102 -1.3753394500027667 -5.0279983417580008 0.57758357861395127 -1.9018179614544981 -2.1379920425730448 -1.2146364209766478 1.4826380290949079 0.10549553169568399 2.267370790087587 26.6854023431726
-11.146626710560916 0.60405375801284744 -0.29879534852126677 3.8582825554316447 2.7978941438539842 1.1934610801809913 -2.4487865629052603 -5.5395056349896752 -4.517278910325139 -1.4212409910218133 0.999135426653835 -0.650802145245448 26.205114530993168
-9.5197478409413545 -0.12608754916257531 -1.246521854900593 1.5859096941623447 -2.7696497419952233 -2.2243002587555027 -4.5103246959567889 -5.7334325668877391 -3.3714952071566526 -2.0285503767454376 2.0604618845291389 2.1989251826339462 26.584333817412535
-10.976597560536735 0.81220225066006446 -1.4633298735836149 -2.7358738701889682 -2.2416545731113122 -0.091940074683752149 -1.6243064383954802 -1.6535895606636579 -5.172317213198987 -4.6711022843324095 -4.7552912984209126 -3.0789345179852616 24.882479174065519
-9.74023305111433 -1.5299573313502881 -4.7241727052731024 -3.736959335664976 -5.2381305019083388 -1.0505723967732412 -3.2242975369878817 -2.7936100701667272 -3.5029907853577891 -3.0866605362160779 1.1221343223307145 1.0871777509936249 25.80101359319422
-11.021074581821885 -0.53848618468351483 -4.0066963615391948 -0.6905023241854138 -0.99682552405836122 3.3109561421404763 0.25789333541229226 0.29937421698976463 -2.09694581621032 -8.9935181353608016 -6.1767598112188491 -3.5197541455933163 26.433399552860283
-9.06131329835228 0.5920632202301952 -4.764058314937647 -3.8416866205900089 -2.7980585304852381 -1.9779845812038739 -0.97937397670424164 4.9365278664117982 -4.4282196386036192 -5.3758829381017028 -3.7789821254278624 0.1343018354508804 26.425752231255498
-10.331806996102351 1.4644836554215721 -1.829541971862332 -2.6446727254119091 -3.3280796315503083 -2.9636156360143375 2.13742966846343 -0.82792861028663123 -4.42614085513094 0.67559977066199028 -3.726766931919975 -1.5569172868870744 26.4819046174906
-9.5706528805119788 1.3700638750170482 -3.7988661436544398 -0.17839803790022002 2.0847781086055104 0.78925476456394483 2.5877200608789233 -0.50136603726233275 1.7367642940344077 3.3788388905142845 2.1167473116700779 0.026850309328368217 27.112746754904478
-11.390000826564384 -3.7037459497148943 -6.2817416851981651 -1.3696238728832613 -5.4146743987611785 -0.37756917161047687 5.086619602073549 2.7886754149831043 1.8410225015654813 -0.92380456548575707 1.9074205127565094 3.0281258481461886 26.136890768475798
-10.447623584100127 -0.77241282739666262 -1.0854481755688241 0.64884601943084685 -0.24652790739808714 3.0037529556423981 -2.4389320359575186 -1.4343917971988902 2.7848529187134 1.6703212205585061 6.960805347256807 4.0998596730003838 26.26401421718051
-12.275580493172814 -2.9313805005335203 -2.9732317089652747 1.0576987706685961 -1.5454915158818634 -1.1960029045897649 -1.1896896813233622 2.808953737169801 4.4670034249445285 5.6190558412578611 -1.5367794340640488 -0.43721621416073786 25.871536714216322
-9.885959054904486 -0.91138643418038512 -2.5603635853447893 -0.3051744706707003 -2.9935288818470731 2.8858359853105258 4.0246466675654275 6.5163098447980285 2.3210096159948117 -1.7715300938320642 -2.6924475964495471 -2.0794683790324222 27.156050077203687
-9.0052266421762912 1.733166148670656 -1.5385954787816689 1.7218679942380923 -2.2696166067091772 -2.3280182485292937 0.1805211512237419 4.0860450472392245 6.4653785998768392 1.6162671805568305 1.0316162298285123 -0.478475469616642 25.953409341337011
-9.404753349955211 1.2306003631659164 -0.84335098265998476 6.0063165853032308 4.7692107845253622 3.06954297299081 1.2628266439064233 -0.742243084280828 -4.4664497686353117 -2.90455439631584 -4.5205916439946776 -1.5643694813098712 26.20741024245055
-10.772116983775899 -0.90071778087733856 -4.9333135923126941 -0.69338737568908748 -4.3659401768652319 -2.2985050030230578 2.1021068691136335 7.8154718086398374 1.1906619270486625 -2.004695558574296 0.556173329119823 -0.839787990208665 25.72161443075202
-8.1110592638233019 2.4361328756787484 0.55131898329041251 3.1572351649762735 0.27143481023707783 -1.9079305727705305 -5.9712412097294951 0.74857408100911194 1.5638901966049543 -1.1985802745299003 -2.3091735941676106 1.1991316669581293 25.940138249408687
-9.8405055104934469 -0.029513014198180219 -3.2892236336180094 3.0749361671818427 2.0209975295205966 0.758193676183005 3.2996838791723153 5.293210423340529 5.0396288910213753 -0.029786344655564536 2.0059737087077769 2.746647629080738 26.086429803516356
-9.259963532437375 2.3331628019703423 -0.278084612415865 0.37344378458920269 -3.1624032213961044 -1.6029617123315045 -4.2867918721483171 -2.6310442318821323 2.2263180656404371 2.2278743284806497 -0.68519169867633689 2.94521465941335 26.049664616316928
-10.695225456983321 1.3350848306841463 -2.0596421758252923 -1.3480956328943206 -3.4570528937499927 2.2149573331016241 1.0260454763203051 -4.2931235848848477 -5.0705299710009735 -2.5045410316579479 0.78748755676960913 2.1179869965100475 26.176907549984232
-11.320626435195754 -1.0630860979480716 -3.4892618956987929 2.0364583970490195 0.018336317861781453 -0.87388114382936344 -4.6236550237197545 -4.7463015585949444 -3.0494429588425644 0.38690293995195174 2.4547722565303585 -0.034286401044193109 26.4899059413329
-9.67423911680028 -0.32141417290157892 -0.055580323384755874 -0.50469067811215373 -1.9049467959927771 -4.7064659701209832 -5.5175366466377387 -2.301588321492992 -2.9921474365488718 -0.0609830270835525 4.5296586588497929 -0.098749888511408 26.181622374354898
-10.088413288931269 0.057477338287836875 -1.4157636903443185 -3.0165902987180155 -5.1435885045476946 -2.4252981653815704 -3.8541879242080928 -0.85289449502128589 -4.3848664144927234 -4.0563066090393045 -3.1289066294628993 1.3360837166702064 25.371659961633458
-9.7215868787213822 -0.73260590307965312 -5.486435260844 -1.1639189310144016 -1.4155503953142505 0.26180812342436149 0.524129415735109 -0.397473541367307 -1.99576311206579 -5.8741130335429288 -4.73538930133104 -5.6694091051149282 26.757843553983545
-10.610844568636958 -1.0923117003207832 -4.7584908080697339 0.63718681636982644 1.6938846491077579 2.3498331561638008 -0.35303185506529161 3.1785766753862918 -3.7927083997669073 -10.107653416871594 -3.4780468573136405 1.4177533957093986 25.82346274235482
-10.232555469381529 -0.45895477290541042 -3.9664270879859949 -4.7239388735563583 -5.1905183603904339 -2.81210327114043 -0.11870076814728099 3.0237458094507463 -2.1853323355800636 1.5744447488129547 -0.011535645819881368 -0.13459017283727781 26.183556434226993
-10.574707735920379 0.55075021443207151 -1.8968538618854656 0.28169840225903742 0.89213295799246239 -0.050342463709102434 3.2859542824269652 -1.9739240633158388 -0.92764409424270322 2.3682048866461263 -1.9012534331761421 -1.8111609112859712 26.555272750736648
-10.109500890331162 -0.9199580164666713 -5.3837702267607543 -2.5186723841921577 -2.7822580813901534 1.7277972100885519 2.1386189394434258 -0.33186749179945996 4.8275385511225366 4.8596186344001406 4.6640320437652276 2.0484061263520035 26.930066779509197
-10.970371144838941 -1.8929530992394838 -2.0940671169158649 1.2671408257434289 -3.3271943261363566 -3.4832069930783454 -1.9309154900778305 0.667464312927711 -0.44185568855492852 0.82064723205967027 3.4405596077565761 4.9705667691801194 25.859576370066435
-9.95183320691284 -0.0032981464430310208 -1.6928976682235273 1.1895333896834903 -1.8802842864728246 -2.4920435095843261 -4.5789528590570852 1.2608511493823873 5.6419731717786057 3.0210380525371106 3.3792385676676666 2.5978696681421063 26.491679087700774
-11.032521578454112 -2.0004973077712234 -4.528997806813047 -0.64383161176722314 -3.4268707908024032 0.504961490075301 0.47546339175011276 1.3935078061175465 2.5354300293752474 5.957934530116991 -0.93707545576455764 1.9244834439141847 25.852947695960868
-10.892294351751691 -1.3681763636338167 -1.5697251320382521 1.537318931273028 -0.58077130526406262 0.88808767628880314 3.4250755841671681 4.5410681521384326 5.239190001494304 1.6605739767138703 -4.779459716106965 -6.3635064662486 26.904308280482386
-8.7102205083371924 1.872406985241089 -2.1781996600984259 2.63992802756044 -1.701345807128793 0.65310903929124364 -1.3777502951555081 2.6679314206062616 3.3140045615073355 -5.0287526564789582 2.2439255950290953 0.88304572989919716 26.418998727568265
-11.247875373737749 -1.5256197067500123 -3.7017755020868188 1.3075498221915647 1.5946104480396628 -0.10110030219539749 3.4807617758982881 5.2732251189349508 -3.5498453683137736 -4.4313465154788112 -4.716732825309025 -2.2670531013833952 25.800678988594193
-9.2162801101259131 2.2093860024187895 0.32922026045865066 0.31751948023553 -2.6047015910404414 -3.644532347952421 -3.6398962636582057 2.7238621386191073 1.5995570087285045 -1.2864780368214737 -1.6367987009046279 0.95653586370610566 26.285266970728827
-7.4505572106486246 2.1402243468626825 -0.28313770096792074 4.967993929697184 4.3917305647034 0.12679948492969656 -3.4424555630393257 -3.4242544591110664 2.1457650641587169 -0.27201587127712074 -1.2091557036326053 3.4116561941598715 26.554400681023747
-10.624595481013591 0.17201031478259374 -0.52297990250985094 1.3739643787336051 -1.428599751789746 -0.70982265639429076 -2.5204809418843896 2.8513132060777089 4.0771122946795657 -1.3316900773782072 -0.16451711462251023 2.3552793244656134 25.573512390951677
-9.1933912887186064 1.7835693884534176 -2.8315228000590795 -1.1338711593302762 -4.8053310272289727 0.35935844553871749 -1.7588580922677222 -1.6745872811812361 -0.43560882123008093 2.03240874334862 0.22399488406339629 2.6836597096027091 26.647373499631637
-11.0740036902297 0.78423699360648869 -0.37035862539503545 3.3723144843599995 2.4964356436527635 1.3932686234929255 -1.5502043476237093 -5.12822460987446 -4.5385441699650384 -1.9854897645592346 0.781570893809543 -0.31172512758665932 26.155232777284709
-9.7104189460584269 -0.16358778662181075 -1.683789564516627 1.5904921320788603 -2.9251250574651024 -2.0862723591872361 -4.1314650757507492 -5.4857996595531127 -3.36319288419845 -2.0761418043611211 1.620795459766782 2.3837100699783393 26.558600440731631
-10.861802176925831 0.82490950843218869 -1.3336217810563258 -2.2615190198319004 -1.9374936344344162 -0.41828485458817993 -1.2023550272019417 -1.2144342486034017 -4.8272693266463582 -4.1627270707021617 -3.7647182735029965 -3.0267425022021492 24.970063284671188
-9.7812426126144256 -1.4528908666540614 -4.174030702832769 -3.8548074041394438 -5.6263376602702415 -1.4189566287940036 -3.6408709313682781 -2.8641534705949807 -3.8504998796368941 -3.0881645035880148 0.95129252296911671 2.0521794061103509 25.719340424528017
-10.845301288047303 -0.30539804655352093 -3.8279304886046495 -0.75212295648407179 -1.0504640322570029 3.0341836564532589 0.28451480974830862 0.2332236576800224 -1.750349602658885 -8.5285549929996911 -6.6158691384920036 -4.6046462712151044 26.621389014148075
-9.09791279594759 0.46753551704222063 -5.0381629918958764 -3.2668217378641127 -1.7562558449129866 -1.9129473597865885 -1.0627650895016505 5.3538809590205458 -4.8502546841240752 -6.3972582858386788 -4.1833299867302536 0.30918800367712573 26.366499484880261
-10.319113071486633 1.2874592128073534 -2.0422750829831413 -2.8675360185727841 -3.5878350132246215 -3.0102463972639466 2.2738363706118907 -0.40615928678778596 -4.7146277985666769 0.90627583567906089 -3.0840990378899344 -1.44853263416139 26.430816847659582
-9.68550890186948 1.2452508889731662 -3.7196545485241965 0.20734533538140262 2.7806185368690679 0.99438607256195977 3.0510334619269406 -0.19947467255923412 1.3002056130631585 2.5816326999912813 1.3527819439024777 -0.28497554238868272 27.047206884358012
-11.353380837346306 -3.798991295479468 -6.5273597527604492 -1.4554044750889827 -5.1740460569963851 0.49058066362579067 5.2823791699563891 2.7974170493787738 2.770361978756402 -0.10055836990558924 2.6632585148703205 3.316832813314293 26.243696550676841
-10.640101762559027 -1.0078599159697523 -0.92438301363161 1.2146538511656022 0.27545426383728377 2.951513572857011 -2.47536801534682 -1.6719544299978881 1.584377848846007 0.94368193837933723 6.5987240672775727 4.152956065854565 26.20244092023092
-12.048233997245442 -2.5248406636555627 -2.5658245225706731 1.1155985972147748 -2.0051423257165797 -2.3195599466846124 -2.2266626034571715 2.7695012708903337 4.5160149746560379 4.9202712675953331 -1.8477021476105564 -0.93221516706123908 25.959553812217354
-9.79207655469382 -0.41000574167814385 -3.0430140496792424 -0.72255047002087958 -2.8839969867717308 2.3594982643890638 3.50920969185036 6.0157642167806413 1.3923182011931212 -0.94145725228906785 -2.6149154424226513 -0.35619163349976024 26.949936807156472
-9.8708528397980029 1.5110040773335578 1.1750157626797184 -0.068769519954185426 -2.3605701893339144 -2.2480680621572007 -0.77122181262515521 5.9960535132833321 3.2551305752567381 2.6256886187410808 -0.081141697283039271 0.63833596596106257 26.568524812217234
-9.6107511295078822 1.7606585186831916 0.515832236967985 3.1153337524162774 4.4489790163373568 0.70992837628505023 -1.475705707441501 -0.8072884720096275 0.22222241449064634 -0.65712862015414886 -3.0614084027361135 -0.65007060847024478 26.20182555630112
-11.061625856773485 -0.282614011905776 -0.76396955158362934 1.4010348196128977 -3.7031563211959244 1.9595051303075937 0.84928975758982572 3.0374419500390957 0.0690749456096815 -2.13889214502939 2.545121067509748 4.219216041347992 26.121707163509612
-9.4788021508317417 -3.8351459893328568 1.0709303579297007 7.9808136641631622 3.8115712248639135 -5.7125608066169935 -10.110796943395833 -2.507843936184289 9.8635851086292536 1.2705705942406389 -4.9188620746099065 1.3842527117907262 27.989254675590018
-5.5576504012107986 -5.640426583982725 -8.31418812561641 5.6932171970272574 4.8212237176952195 -11.808961122034663 -11.25492451654824 10.849352741683006 17.463889183292963 4.0290456715111107 -8.74115302200228 1.9476405952847813 30.256441645321267
5.1738030865184568 -0.6525658848265361 -11.002012235534421 -2.0337354683055935 -4.6461198114290871 -21.448094472482836 -23.116972435867556 1.7814529376399424 12.994561899223687 1.5181066390387026 -15.387417972309876 -15.527573525139632 35.744578679890758
8.6675655242368936 -0.022376951014835875 -20.56727503303069 -16.4813008797278 -9.78956466051955 -12.290058046909891 -16.352692930473424 -6.0252381667212678 4.3053415699529953 -2.31493733628237 -15.483690006150828 -19.274707236774809 38.441887036449444
11.990489981954866 -2.1365675698258526 -24.114122691760304 -13.105125567647384 -4.1153227490532087 -7.6050930297929034 -14.293410861925478 -0.019252445674851529 7.6609165004163229 -4.0513313464455392 -19.295440529604221 -11.961169032220095 41.194164979554941
15.622557620910916 2.9209763573516625 -11.994995150567167 -10.756490009446276 -6.3148792497808452 -14.649999401824189 -13.960110024491136 -0.25392463451432606 2.0392776315549446 -1.5386825940188653 -6.1084044917592566 -1.62957608360392 46.349107237686404
17.366061825577177 -0.24328535539648083 -11.162107264961417 -8.9442062594247638 -4.5404646706316756 -21.438652019998308 -19.296737469204828 -6.96252522509281 -10.666675815496154 -5.7201795510476394 1.258573420596256 5.23896807012009 49.719583718354464
15.723553191406005 0.91488614377106381 -8.0216580858016027 -7.9894851503983864 -4.0017057872443038 -21.479211348639105 -19.241082245998751 -12.415486270831 -6.3323948892660553 -2.9887849289659112 -1.5946976663470682 2.52436392838425 49.069468771374837
8.476330234529982 3.2445062219749889 -5.9678013290995846 -8.3380203323922242 -7.0578210856540124 -9.91015039944583 -12.825345759033823 -10.279082457414065 -3.0341189343738577 -1.2613508838772531 -2.503479264138186 -0.501027145561853 42.304772623619904
2.1216129604614129 -0.097419877326304152 -3.3665512299856575 -6.9278447859760561 0.20261235159377688 -2.1518310480856329 -5.2710368282329156 -4.8186770567069264 -2.7616331544966339 -2.6433584011270375 -2.86217050840696 -5.82118618893633 38.323344637644304
-3.6036075425642906 -9.7725354509931446 -1.0108955536534305 -16.87013959337478 13.291273928049765 0.25064293892975292 -14.283869511700393 -8.7316814186105436 -19.934800120956673 4.6050212780682 9.3319419587877981 -8.5513014338338937 41.432325210877231
-4.0201948945586432 -17.568170983412731 -1.8074800267672875 -18.337731698353959 8.72999780704431 -1.4347779929304005 -11.799473405995059 0.86755883108596377 -10.693231362096025 -0.57010240449499638 2.95888804297534 -8.13386350505469 49.335420692371379
-0.48033800456287967 -29.344133497663371 -0.45500693212268906 -22.394727387132129 7.2525258244474209 2.3228415746987516 -7.2313741933773432 5.5993370000989886 -3.6737482562177854 -4.973721872989552 1.7198839216047013 -14.592486718141632 58.419425662504423
-0.78761047301690379 -29.308298590513854 -0.77687968267542384 -26.683204626930326 13.745747646321961 8.4238673813582352 -13.209048054641745 3.988431550491669 -3.0136691309260026 -6.9512798428271179 -3.3902904131134011 -16.629377159401923 61.688751995318263
-1.6218786454217817 -31.723767579231883 -2.8956094940800123 -27.105532242629444 9.09280633293383 1.9543179588077617 -14.173305826104581 -1.7010745068966666 -1.7070036236988611 -4.7683978137499894 2.9657428360824039 -17.767512468358117 64.556651168408578
1.7801817065562222 -26.97446004774212 -1.1640168011933443 -19.889117591266579 3.3813648475139826 6.3352716197375072 -16.896591807687471 -1.2208929644686286 -11.441165006163461 -10.749842160197058 -11.059512962259621 -21.138379867997937 67.485497427973343
4.779391488257426 -23.009142523912349 -4.218183904311001 -25.418534828087747 4.478000489108326 8.5220599682773361 -21.628396508349688 -0.8310276652485804 -7.5941914625886922 -8.2962176420614586 -7.52060288976003 -15.758390015748201 69.044020341043577
6.6746658920555388 -31.235472861445317 0.088217279905606308 -26.211386732638189 -7.4063051680755407 6.1915698816052656 -18.725411550443571 1.6976365268791866 -8.3357203485157232 -9.2895222944591964 -5.6354670707450207 -18.889657566554362 72.776622752303624
3.6687272274083313 -34.305253309024259 -1.2274268977147451 -27.356651038666737 -11.026544259938976 7.1622959589643811 -15.441401319291822 0.76645880462770177 -2.9454271800348737 -9.485825437070341 -3.1724859358114652 -16.589133161939785 73.990295911336531
4.7823340678585566 -29.204709040600541 -1.8922657690907732 -23.024899215183982 -10.496629618762585 7.2496297539892591 -14.1041869666773 -2.5719567327839266 -2.2380006951526674 -12.788846136463771 -2.6160590883087655 -18.187474470605629 75.9720071050589
5.5878959146392182 -30.160749987333141 -1.2478395097422113 -24.994047480534316 -12.60440145143062 4.7932410702395511 -13.239011348026411 1.3413367048215856 -3.5049110383333373 -15.185945562790069 -4.8463620495557578 -21.275409773807269 75.708844221103448
4.9360240421887811 -29.449450809944562 -1.3953505065030622 -23.664001784224936 -14.376239154529509 3.2787771033266715 -13.232703241764032 4.4212086623330666 2.9348578244819929 -9.5619751803302027 -8.906929507094107 -18.779069958167671 76.250241830869214
6.2269262078980123 -28.9660405338716 1.7220346860016111 -25.997859403939817 -17.198374055495826 -0.51508200254164682 -18.685052900600962 1.6616383745971834 0.76531313845418469 -8.1090968437723649 -12.435159938992516 -19.726844253753853 74.964014150343459
8.9767410788358752 -22.791023012936023 3.065574636654576 -21.64455257348267 -16.358990659912752 0.78034662361523233 -13.775135102673669 -5.8255715613028283 -5.2489819887205531 -6.3330929817145565 -10.10986004504332 -13.941024610015514 72.086054948067641
12.927691969389835 -23.234928739967955 11.292214907234586 -26.174676934224202 -10.395635170299245 -0.10757185178285934 -16.418799825532552 -16.317475037932955 -6.3767303075117088 -9.5395412466904457 -15.03385086687361 -21.06295902362147 65.8167514755911
10.379451821312896 -18.476987106050249 11.118741009039043 -15.152123450582486 -20.723343827912696 3.3048085457941427 -19.405900863609588 -15.678288717248755 -7.217567964410339 -6.4612358229061844 -8.48028328347159 -17.309232722482932 66.118965359071268
13.336816175831734 -23.029795923140412 12.555481844612878 -19.645576178638379 -21.615874839916206 0.80141119453010146 -18.3298288096759 -12.30920619178341 -9.6886439831083067 -1.5501252566733847 3.1983167508539587 -11.939589621495434 64.758064026084924
10.455000107430111 -16.144825046663041 9.2964699356152423 -11.448904999441018 -24.770553269310231 -2.1416822797565054 -12.304150963444249 -12.333157154870236 -13.990998056416139 -9.7888076735004184 -5.4291435116097784 -10.084077459784824 66.7050432427765
15.313250186285071 -16.025247051159308 16.318948533194149 -11.662977541870196 -27.208019211385338 -0.81817371049227616 -14.112539468150846 -17.835779734222896 -17.196955640549195 -8.27903097042184 -7.9269025400331259 -17.37220340417862 63.457975026943913
10.362103606546885 -5.0920748373890508 11.427735974226126 -9.8474311195358144 -26.628965150859 -4.8438121381315593 -14.802094367581304 -26.323932216799221 -18.324882800828703 -3.3339226706983562 -3.6397947775496533 -11.049265371485218 62.739025695278414
13.514385842796253 0.45034072666581593 9.83145183310001 -11.107493488863216 -20.859565313757976 -5.2239067819513822 -20.313096804870156 -19.836776304357151 -10.384459105577957 -6.5140188312623586 -4.355525796295951 -11.238711397269148 59.576794128097859
13.542683663395309 2.8239546611416424 2.9460460624708231 -12.067723370686521 -19.852844226935964 -5.8897554394340084 -10.98267961218656 -14.451636822315521 -15.407701536827117 -12.847561857725259 -8.1796017335490951 -13.753479053614601 58.703980820744064
13.84771701713349 4.67518921539125 4.68512169430395 -4.6691423283079585 -14.52202582747039 -6.0220293161364671 -10.150508843579498 -14.195995396200429 -11.314789422432103 -7.6337660608732287 -7.1204953597465064 -11.387526778806507 56.862797306320793
15.76415201386995 5.8980377295463189 2.1718082875784224 -14.109591928170319 -14.157910378003356 -1.5161659419917977 -10.538792272150623 -10.239131327544392 -11.351504719247442 -12.722224208065454 -7.6474772422940873 -11.916875297973059 56.512864917401728
15.575375270642805 -3.0422417473695318 0.88623491072768934 -16.194299968677072 -16.619037740014164 2.9711392361845594 -12.305534191689471 -16.188795104943871 -18.32796963825378 -17.392018191163412 -4.2552089037826368 -10.412106468960557 58.340267584992731
13.257644104900706 -4.8920882649595487 0.24319428124371051 -17.311292475777186 -14.45915158140682 5.9134332890403307 -12.871261136090743 -15.09359470844659 -19.803465067730873 -15.964850350013863 1.443053868472477 -11.628540515435924 60.991064715336059
12.69140835239202 -9.9445600033111337 -0.70736507096862256 -31.285066936063814 -14.699575530980182 14.537813515661824 -18.096025160814705 -10.070880420751811 -20.593781242626914 -19.453947627495186 13.593699371658444 -3.495253075221608 62.850326854718134
9.4849685844618268 -15.686887520818404 -0.83758684266525429 -27.021226782094345 -13.805086645172068 17.499140527272004 -13.667308548390649 -12.934186570527787 -23.319954619785879 -18.153816789495909 10.301782767114538 -11.492280103734672 65.0077044610205
8.6038357800697725 -21.622967769290028 -3.6605309459589703 -29.675318426468667 -15.492046430923496 18.203971338235739 -14.025546977642094 -9.5778119763482952 -11.853085980637951 -10.215878756876602 11.434326668408074 -7.7234132424499249 65.283665953363041
7.1396232153121044 -21.65860991295747 -3.430348378613624 -29.574148921918546 -19.957718694746294 11.039107877156756 -20.370985033568225 -13.827592732338529 -14.088104040833276 -12.755573725763689 8.0156013744923129 -11.010584818865521 65.148744963951245
10.313158761865244 -25.646480622577091 -4.4277874045005721 -25.414254470312368 -18.125023464300096 6.5790264964799512 -22.82015350071449 -11.341628314804357 -10.070263884098582 -12.371400771280438 3.7345714411001358 -9.51499622082499 66.107984012884742
11.50520204992849 -26.986645946758433 -6.4290257278188827 -19.787386823904519 -20.292010333279332 1.6551878016890669 -16.606012256075772 -14.474333946573783 -13.88230570636315 -9.5379116596062445 -0.52261187740006032 -14.61606475022225 66.730754153694065
14.927663834539365 -31.316023588557631 -6.2614011038060715 -12.618993157375559 -7.122768002883304 -4.7240133942564189 -23.8310691641114 -18.40321817377745 -15.008443515774943 -12.644675805835485 -5.0964844502665807 -11.435671920536738 64.064673457825876
13.509276262124805 -29.149884484312512 -8.5692090196540551 -10.229225341315356 -4.0774515608024311 -5.4680266309191312 -25.242891234401839 -8.4568675278077023 -7.41761442856378 -15.452141264725286 -13.045740916469764 -13.708038690753197 64.38620800485063
13.112658183871615 -30.6468185889394 -8.8563007575333774 -9.74817674828089 -8.0398689915007768 -8.9695607190069548 -20.746457293236983 -10.142171003165481 -12.679862117948931 -16.56613458568614 -13.451851663762376 -10.512078766108965 64.01190221312342
11.845625137822681 -29.948045168439016 -4.4536958066265147 -10.264598947754223 -11.406701022604359 -6.4338635752487185 -17.110019672027938 -4.2109284096560424 -3.0737200600978083 -9.7201612203520416 -5.7458907984509446 -6.13463966928774 65.271433989722908
7.8931954770394208 -29.994243655167651 -7.3606147824328465 -10.695425352239873 -18.404952853723191 -10.108482491443613 -21.601046039445045 -5.6653175682606527 -4.2767191591864337 -13.977522553025938 -3.5902432469615535 -7.30341072506371 67.004924460007885
9.2032386600687985 -32.196358503083722 -2.6475216415454463 -10.882344489637683 -12.216898108517976 -5.76822990783586 -22.061309836132459 -2.0473380060961044 -0.76916637060698434 -9.5724061736758586 -0.36810402995431168 -5.0926140755557157 66.897173929016759
6.3415920891590352 -30.744778803042205 -4.6447524737089507 -13.476459361910861 -20.330949086660787 -6.2361767252748068 -24.402471443708588 -6.2839832536201934 0.63059264175435248 -15.290579347811498 -7.6627013464925335 -6.6201051073986124 67.130206809536375
6.5197149638609826 -33.030679739508585 -0.69251515779351958 -18.45814586832191 -16.867476592920767 -5.3759213688001344 -26.907779881288509 -1.7233551936389846 1.9580808365325741 -13.498038504953394 -6.1162687096871942 -10.793633715191001 67.81511906675793
5.8513132579934259 -32.9065709379232 0.26010551741313531 -20.315559230094262 -16.910587694020741 -7.7041950488638706 -33.823650681457124 -5.526702257448437 4.3431528859866821 -15.997956159950329 -5.4321034502864984 -13.527568284047266 67.186101034337653
4.7005607882545917 -27.931649244751139 3.6805825203881026 -17.586981265187219 -16.777071613869598 -5.3269236025123785 -32.071533568012754 -2.7211266592132604 -1.839879854823474 -20.070080599667502 -6.6642127754663729 -12.511927685161314 69.071928086054285
4.5224195664142224 -29.033602334119315 3.1338517635952821 -21.717889856585856 -10.320619559810725 -2.1729445813315835 -33.349626726968012 -0.99533101243762667 -0.62492847561155584 -15.254724936219125 -5.7974195751638513 -15.781876431375084 68.325732202943485
3.7517089382972753 -21.657139970644561 6.5409040435437076 -17.4239410737323 -3.1239504135456286 0.84771709205136292 -35.600871280922171 -7.7172738521037143 -9.6278228220876 -21.071496872163202 -9.8134419576718361 -15.614656862553991 67.350748128712183
6.75326821265774 -20.25188837447438 4.837552263035974 -20.545859399593905 -6.416087863353054 -5.2802598302826871 -32.775187923908753 -7.7675604641548395 -10.502664264289256 -12.347425418608463 -3.6408213950022166 -17.32085287701587 67.251063563197931
5.3239488389704652 -14.453265602555035 0.83982159624678909 -25.269000751501224 0.057503690317631431 -10.994961061937492 -15.386516041948914 -22.358618162799388 -2.9337943526034524 -14.814787301005376 -5.8004269550628758 -18.831431332196328 66.316937691362554
0.21625321320833382 -5.6066519879647583 -2.69180763366322 -21.880342361624326 12.357214937645015 -23.479753381711948 0.57290019619253019 -30.764883698412522 2.9251234196192137 -14.224378916050068 0.15439796776106385 -10.153241633062683 66.128429504180019
-3.2600362769814062 5.3538286788581795 -5.1475220531053969 -24.179578669984306 10.011324539080439 -32.951107398254841 -1.3726252696886965 -35.27996289824631 5.1023001869645768 -21.570015408577046 -9.7389798012011646 -21.590807618341444 64.096433250723109
-5.8654219433872958 9.5481515093157761 -5.0268632800410469 -23.387796293430355 4.0957799958056489 -33.751415630083876 6.0733928118178371 -31.382791420851049 -2.40455681380119 -26.882428260597518 -7.0270121775866077 -17.570299329703104 61.281476425335718
-11.380125323918804 11.536260312475491 -0.36482033329226782 -15.089537452469566 11.118375170070491 -33.252410922031352 1.6612654942439986 -32.960689673367156 3.5640262703677643 -23.936603002216149 -3.0275310064929783 -16.627427459107686 60.052418987129379
-14.156792708949265 8.4830608067004665 -1.9863040883232783 -15.499118546319382 17.612593824482119 -31.706358733081441 2.6451298202223366 -35.910226902353223 -4.5051825391855322 -26.640484979425267 -4.0774721158526948 -17.041251736812956 59.806315085350555
-12.077979903980703 5.511353715609296 2.761601131052918 -11.154168462917312 12.277531850908627 -36.575861252001204 -1.9979876362077653 -39.846565035696344 -3.9643510151953114 -19.100477221708086 -5.7107863509730938 -15.933264564417918 61.882350087606348
-4.2786536023254049 1.1652073891597292 10.783174309246183 -17.333292779421029 9.8696412583397173 -38.6749925807951 -0.56763946176504931 -29.550419726044648 -6.2591795732203064 -14.135859671448955 -2.2156654229234003 -24.541814553334873 64.585085801850852
-2.9811575338574854 -11.900795410390529 3.3706390273695668 -21.907355019316693 4.70360331231363 -24.944825451381817 -13.003514151823325 -24.9896336173235 -8.09657082599571 -18.234499599493816 -6.5552936849461041 -21.39451894151626 65.12803350888241
3.2502695331449143 -13.689396003235977 4.2983125756560812 -22.056666284037398 3.96287868159129 -19.385929467159077 -9.4996187455943542 -26.906546146091223 2.1810563141962733 -21.226665002975523 0.686742668782228 -20.903809618416226 67.8415807630599
6.7520841659675925 -17.710826015907355 3.2111302292331518 -26.34608466020493 -1.1811786768256942 -13.683756172598404 -5.7295393069378227 -24.991257562708387 -4.7668885508614922 -19.733431734261853 -2.5418991938851034 -15.923273136776869 68.28261999979263
7.73095685605823 -15.800018687305618 0.627093853014161 -18.081475982877429 -8.1273117439363318 -8.3467321020361442 -9.4874527271645572 -21.046839612241261 -8.9362874284898712 -14.648186399324182 -6.6015638909105814 -10.329321122963444 67.279945882626151
9.1544634957126831 -15.903229565552628 0.21879317681996735 -16.720363686733624 -10.064293414242119 -6.9277588186904948 -9.1845963480630672 -20.740021756990586 -13.749173096363615 -18.464731921775332 -5.7474530551060621 -9.8795939911620589 66.948601757349323
8.2201211551730484 -14.654920707282889 -0.13531167948235776 -13.570990948038045 -14.045192930307191 -3.7334602020731991 -11.665198471666381 -21.9373309311754 -16.25206389906171 -14.073649392644086 -7.4331836095949475 -8.8510899938142327 65.6058188733475
9.23108653401807 -15.755756975963383 -0.46986920912583052 -15.14062493142421 -14.179323740715548 -2.9672349786387988 -18.608129667382034 -18.455956648245586 -16.821675466714026 -14.89088882901355 -9.181844120607014 -9.4816437639439819 64.840303506660518
8.5487846664976619 -14.009862107890383 -0.4250862299230585 -14.238957099343944 -13.336690104637757 -5.6920631326888556 -17.158594182896433 -25.046072702425743 -22.992132439342654 -7.0100328427736747 -4.2688887401107056 -8.8455881956795324 63.962856969929412
9.5089524513575245 -14.093379737687012 -3.7395453715667379 -15.3598754291484 -12.05338152667221 -4.9180631032637141 -17.84190731397879 -17.610991490733934 -16.2427713255417 -5.8030817425237586 -6.9439380044331971 -11.531472372025886 62.452277638143194
10.622918875451404 -12.789722361455576 -2.898927694148711 -20.797069466013241 -11.200209405054521 -7.3107523006830677 -13.8005398581732 -14.186585169900097 -13.342241258415992 -6.8164618478108068 -7.0476989182518555 -8.5824036342295944 60.992511891111249
13.086309451512941 -10.157233326460705 -0.95858327096848184 -26.733096347142222 -9.7157682053609324 -4.9550425823833235 -15.955275402710747 -10.414669086591902 -9.03311180378698 -6.0646998043960236 -7.390381595561573 -11.808936600821756 59.71315505865558
14.170511750588245 -8.5750954625729552 -4.5559008828705245 -26.289313621486702 -6.5509127981093656 -4.5967964867095148 -19.40006522401783 -15.350248666341276 -14.011274543587531 -9.0381033942387337 -8.006054082013069 -9.8828394301687119 60.162432354416644
14.628716050047435 -5.9136245677225885 -2.3886265052063322 -32.177821428445782 -8.6103597783723078 -1.1195301831754325 -17.106242514015893 -15.416736773895927 -9.817770653796309 -1.9252717308071003 -5.9160642186049506 -11.652733430577229 58.302936911937245
12.63505151219881 -2.3735946769668086 -6.0395526193426257 -21.386151259340046 -10.505710903370346 -0.9370708173523824 -12.00700095739141 -18.077985522458373 -17.832497859775469 -13.142320243874726 -7.6023507501434144 -8.9293981393184563 57.153117183599228
14.716524795088837 -2.6529019771158611 -2.3595575527499819 -26.694100562420328 -9.7052780208007157 -5.1351233009646586 -16.077419996145871 -14.987488548623016 -8.3928284952011971 -15.616172934486666 -11.680810938502376 -12.371617279611012 55.39827274373949
10.029970571637593 3.3948871873180959 1.0926650420033286 -17.725723902445434 -16.136463836314132 -5.914657837168539 -12.451507003962252 -14.32746925415592 -14.2428366814531 -17.878081446464748 -14.486811285810262 -9.9218884186796164 53.457023594617979
12.62514286516871 5.8054496610620818 1.4863727352662668 -17.410232500238738 -12.250962385044945 -10.350172564698378 -10.837422739193267 -10.340100985262168 -15.77245516546656 -13.089764511101379 -13.238212373621776 -11.703739111675219 52.143297114663177
15.277426373835253 7.7071730067527167 3.1234426498064938 -18.306718799987149 -13.535854298033014 -13.984917364896058 -9.8303692739582669 -6.8299141306871318 -16.107919796342088 -17.171508503691548 -4.9426219592276706 -9.7070326690600233 50.692904004361409
14.496375719321868 10.296712112467235 -3.4359190263761539 -16.721089070107972 -13.055242013196047 -7.8642288558939493 -4.9488894110290405 -10.591942629729866 -13.326825406125115 -13.014114126656946 -10.411506629810487 -6.3035720088465039 49.81053606001889
14.18465102833315 11.319008863388994 2.1042865653513778 -13.674476709370841 -15.504221909953618 -9.6182710619440481 -8.882279607164552 -17.478665841125718 -17.47703105185 -18.9104840577488 -11.770339550567455 -8.3162428144463245 45.867043900748854
14.080070224958028 17.291195313844813 4.3311422612109682 -14.540871548185011 -13.700099190460593 -8.2251699518385166 -4.3961234183882905 -11.262825230086221 -12.939735293611871 -11.524209379262697 -2.00954476443959 -2.3658440883827958 43.000837017674606
7.9517704099558557 14.554145375203319 6.7502036426550669 -11.959961838511475 -14.376824933698392 -13.607552022844319 -1.5061926095383338 -14.187926273762942 -12.401849831199284 -8.1655916520749443 0.46072584600301436 -13.723557607650369 40.851917274736458
10.229615056742382 8.6272856514024738 -2.0597031305547842 -15.22041294620966 -10.666317763096789 -11.782079981646756 2.6554010576305895 -10.138223274667332 -14.813922376431972 -15.202393880719965 -1.6111433980768988 -7.3844610292145632 43.989955551235639
13.075239322524345 7.1141691961534663 -8.4169686450804519 -11.211860092595163 -5.3182860901707683 -3.8933873177637595 -2.3432937735371908 -13.698368378393329 -10.098013887975279 -12.330341500370908 -2.1403191179722971 -5.0572205470608784 50.020694234553993
19.84810378472794 4.5392855412222994 -14.098929231806853 -20.243519414840744 1.6114048186737531 -3.7749006548586448 -9.0758435693993462 -22.254847413879634 -6.4701218995705867 -13.160275771170172 -1.2916701808882485 -7.0666682994407477 55.210174231717048
17.170547768398865 -0.4533443572699643 -18.019056848765796 -16.514767186496623 -5.8434810927605509 -10.586355513182651 -5.7707052853273835 -19.039603956034806 -10.967040180799295 -18.28143172384782 -2.0662879727915571 -5.6013336241287375 59.685670702508119
14.922406717450178 -5.4099927768310234 -16.733210888222381 -12.782592495008299 4.8988779418352 -18.5661831065167 -5.7580530206684921 -21.747875289678039 5.1067616420638506 -14.933437241996996 4.7132010990972768 -12.760948394033953 63.462224139374065
12.23340001722886 -9.9490327185343475 -18.590830671107494 -12.248663821348467 -5.4700226693865472 -16.800248056696116 -5.4822369306638414 -20.480841019075996 -3.9490553608898216 -19.884285329958939 5.080454221175625 -6.5647232132838313 65.3449770603282
12.226698741497113 -10.224112054637947 -17.872952686618582 -9.9577168397878921 -9.0865453729062349 -13.480491077944588 -0.013452449821347539 -14.688661620362316 -1.1050356870894469 -20.456883846868656 11.025279808088381 -8.57019548916332 67.395525183627086
10.89877208332504 -13.572505107968796 -17.793538201513865 -13.323978155958734 -20.026857684222854 -14.327872768249378 1.9454682737803857 -13.214079051758837 -3.6466058690746794 -20.530988185511898 10.3131257033068 -11.733954873728562 68.480190900873367
11.83798156609047 -11.546935279977662 -12.160524568149102 -12.781809260348268 -22.389330862625428 -10.569128095506395 5.2752794917645618 -10.627817873564108 -6.4386653063173727 -10.338965744534786 17.231087163493548 -8.7976143085220677 70.892944059057839
11.06390071874802 -13.902920005052071 -9.1629836989227762 -17.662931581696334 -28.175385906925083 -8.4829613501395471 -2.8332018700410533 -15.356128393725228 -7.6461209260777983 -5.8422505226467054 13.308921094559921 -9.6437199227045749 71.161751998104165
10.743055806468728 -10.465616828310344 -8.1119927832133563 -18.444989780607859 -23.26533934279637 -2.9055260428747092 -1.0828812544604467 -12.955583436163112 1.4907740599248642 -12.07169968818301 14.700364177106529 -6.1411744845944876 71.407424525415479
7.5540957793106553 -9.7225550605893645 -6.4067999732096226 -22.805192635538802 -25.835135228162748 0.71934455068323255 -6.168970926285458 -17.854059500631415 -1.1644033992610434 -9.2901497953586869 5.2967832692425763 -5.947823219943837 71.49961984425741
12.091303652105331 -11.476322960532526 -5.4825537850132466 -21.588968331027022 -21.379815970704321 -2.7182166686099003 -4.0529356789302611 -19.50859511201709 6.9321914531391968 -16.152865247724023 15.300754260267528 -9.5408357600015563 70.884029182087232
9.4865174286650511 -9.4166283976419667 -9.4528215503103521 -21.423980654983616 -24.139633422547117 -4.4694997319362644 -8.1275740583412777 -12.502135191083992 -0.92362471786344924 -8.6941158349850749 5.7242142609656668 -1.9224133810259769 71.274149716364974
13.28553821983683 -10.766648693578649 -1.3174820773931659 -20.786230089025782 -24.466838595695613 -2.4117948800929483 -7.5380322017761632 -20.02169046925237 -2.3255615082048164 -9.8470546522953661 11.379631483505566 -10.449818566263165 69.932055196945058
11.697779699233752 -12.542819871293402 -3.6133162429116181 -14.414297198823286 -20.276984314555989 -5.0191291744314261 -12.444354865413326 -20.333513376130512 -5.2396292658343819 -4.4086548715175464 12.412123788355718 -9.4325786107105731 70.006530293636771
12.63614837115245 -13.765706542253323 -3.1762078809256087 -12.57364402598672 -18.65689142344505 -8.6383587945772042 -12.994978202810415 -21.119185440447243 -4.0078275004738044 -2.5936213222316669 4.5902150604342955 -11.010067346588947 69.516946667929474
12.282150151873697 -11.155987928359844 1.719810547996186 -11.047003553116438 -15.468227491412607 -18.718513561649129 -18.038138307517229 -16.943294098571553 -1.3771900024890442 -3.8036718289976159 0.0056582988852640348 -13.368448503445419 68.330077272570108
5.3948445350673992 -4.6905823836639211 10.355573539175941 -10.891363469471102 -8.81760891529254 -21.867856365707848 -11.7712740684847 -22.557054797025053 3.3146764804238336 -1.1357108386368493 -5.9523902979440066 -6.6079663934708774 67.056501436437387
-3.3434639778857727 1.8623307682153079 21.490620728652761 -11.41660187068368 -0.01233458664677016 -21.255962798700068 -7.4093587674257622 -36.206821018627387 4.5155469694534265 -9.3387853822770968 7.5307961649292281 -15.808280177026585 65.144362851041578
-12.342982395502196 -0.6702457021665803 26.783287876744065 -10.969659072727245 0.88949996678487508 -22.644726662950635 -5.6267199774960286 -35.44745195082421 12.250523502500741 -7.080626437757255 6.50410112909682 -10.589410400861741 64.10812022075919
-18.765394867693658 -3.3757102159351429 28.273392493493688 -16.76078382908203 -0.27769446845350165 -17.510949527443127 -6.8132993861005477 -35.46209398698052 15.720989932200677 -11.518058346040238 0.11198578106954327 -6.4211689502642093 63.370706112313229
-26.192507009335763 -9.01643205968569 32.8183338595346 -10.463567693724031 6.5633132306133026 -14.942641331409879 -1.9900934336360443 -33.222166949522851 18.265813502819046 -9.0098316028859387 -1.189331206849138 -7.3269315965893238 58.903852251377771
-21.157125732501807 -8.16382634917831 28.385791484071902 -12.445149412432681 5.262126360643542 -6.593520702741225 7.2934067160486258 -21.689810079955283 13.979241016920597 -13.569029215251774 -3.1548267982957707 -5.2725507775925529 59.862201575128466
-9.899735409784137 -0.26234940136599771 35.118252702856225 -11.864915367651966 0.20357015343013168 -20.919988504894636 -11.096839090417324 -36.338771110545984 14.052717273812572 -10.18721653640182 -10.195265150447556 -7.9415569583351306 62.311208470593876
0.45140890865975941 -3.8991843657780318 24.238294243249221 -14.091037151741 -7.9957151816999925 -18.819554987238334 -23.6388961616528 -33.23866959987221 3.0621679599406044 -1.4871513983185816 -7.4604932900881629 -4.8089886703415825 63.201562186396991
5.9420663968100573 -13.366422828347234 20.109282359609388 -8.3430685566630363 -12.417071397269854 -22.418345384648017 -26.682508292602865 -20.20735832918955 1.3979315397623593 7.3565927368673165 -1.5601319333064678 -5.56532488153031 64.399088362050364
10.438476606273268 -15.833974682688208 12.792613796049002 -6.9889526565238445 -21.972733563308445 -11.515052787894277 -29.890976257317284 -12.740925467507466 2.78676544577637 3.8682836854266327 -4.5311404584132484 -12.035938867412741 65.868633897687459
10.678846459892364 -18.05278699900612 9.6855555467340171 -7.1596015745992254 -24.366658373446477 -13.072218961006476 -24.772405331769644 -10.267241523145023 -1.01793383428267 -1.479643478294856 -4.3674204320011789 -8.2048885283367561 67.911224450716247
10.819228071795097 -16.576094629375572 14.004746720482734 -1.7434423108329988 -27.646228120031576 -16.420331288242803 -22.215680842464394 -6.472929825729719 -0.52856827030392128 -3.4539887115426464 1.3019289910341938 -2.3051724811899916 68.048834350372488
10.872051840920124 -16.275666776301605 10.939288426083394 -3.4134304964567033 -24.825912676399657 -21.002127785319885 -29.079966621042949 -5.12861110479965 -4.9537826552586575 -5.7669086030422854 6.3532811997283751 -4.8869803166757819 66.6321071606681
11.01660171509608 -6.8594833331237668 10.405715040066051 3.1403489438083714 -20.649617507795426 -23.428043647875565 -21.200086501061691 -5.901715483924689 -5.3306244729722021 -1.0966928249986179 3.9094295802941619 -4.42054590623016 62.382819373054133
13.39575324303771 -11.552100026729057 16.221956155101097 6.48274829981168 -18.496515926525991 -23.639383899175719 -23.984933679901737 2.2082731157656275 -1.238159020164084 4.6115289980695717 3.0574964882756763 -15.999493038798065 54.046524087528915
8.6310717204482543 -4.2124821365877656 13.309697766626472 14.810963954432147 -13.159146218380204 -24.056687844000962 -18.246435529671547 -1.4135618978716471 1.2737396321297518 2.4464321138228433 -2.9998339190721697 -9.8625055547560745 45.579114056889935
1.4165802668739307 -0.53361837655400324 10.884384650816514 20.68176632029898 -5.2934858116782282 -17.061029039260113 -13.384188221804736 -7.8892594330387045 -7.0370411572491971 -8.78913676124516 -13.529965320874162 -6.8538276549821688 36.327585204650617
-5.9417841410738088 -28.575300293372056 4.1009641127534655 14.976184237404921 9.429737041911368 -0.19400106987840535 -16.204784646749435 -0.3292049493414691 4.71487250756456 -3.1509267948244606 -1.273921770497159 -1.5093350958975602 43.427511123653844
-12.044084762770392 -42.817890467831745 -1.3748109755963667 8.534099225640535 12.559151524971739 -2.059481228906217 -20.46360618331515 -3.557659119494506 8.56214409314651 -2.9683244094766752 4.9799447478173287 2.4595780800797842 47.996976800626747
-10.73581110901176 -36.620094304351596 -7.6408826312882843 -2.875070631641389 17.063866711606224 -12.838307756633728 -6.8538248873318759 3.7720661441967978 17.524427657942109 -5.3231226352860066 11.50299155737283 2.4154733331418137 55.032113206458924
-12.094687473647943 -30.119821041282552 -3.4976145069964217 -10.820734070558474 12.99828609044579 -17.884921149877592 -2.7648069309317784 7.0099797717415493 16.906477121015364 0.77716046285355722 14.824505832505842 4.6222776113673927 54.026722162260413
-7.8037383970088845 -28.951089198201551 -4.9908574293259651 -5.0596059298755192 9.3170804960044027 -6.2408704686481551 1.2601993176477584 0.31214150449385375 16.780017383850147 9.8232950461852013 1.6545266425311722 -0.638745195986239 49.71232297622899
-5.0503643161713843 -32.805095166724918 -5.8468461494638664 2.09159329384158 12.744077233008998 7.0158264781346258 -9.20912897750139 9.5398367979555037 -2.4180659686725572 1.7132693471592957 -0.58702173781170164 -3.664690906848012 45.151084734474374
-8.25772276991485 -34.646537400169187 -6.7382915618355064 4.3642958220870991 11.09683306525667 9.88668986625279 -12.354238554517224 2.1355480002825002 -1.1056816096573712 8.0132023227723 5.5318271994498129 -6.4584271389720929 41.91523153425883
-4.1249516543314257 -32.683431477803083 -13.932083834649502 -2.8032514354062044 8.2151546675703777 11.117762297831591 -4.4772315951404362 6.220886447323525 4.930698316029547 2.2319482493621647 -2.4682462410581372 -11.446223026313179 42.85569406749245
4.320772189268407 -27.331139507327332 -4.6953507168139579 -6.531291718688137 -7.4210674429012862 3.8954313115851757 -13.072756112765797 2.6393415422127271 -3.7366056451676748 -2.3739436201484203 -4.3441413252247489 -15.870252708931629 48.864127727717147
5.4987862002007679 -27.496247933173322 -4.3515810730257014 -8.15279467124911 -2.4581868034958272 10.399533835477484 -12.190354815640331 -1.3918158858154475 2.4479346192726248 0.11458052015888287 -7.8066489534274943 -16.893862768959163 53.669418553312546
10.890617693112835 -26.684915497387045 -0.33330040848114528 -9.7478703912732385 -10.261050161350203 0.18810710496567531 -23.817310837357049 -11.825069496973159 -7.7770753329619415 -1.0260505355611833 -6.5246284503236511 -20.797668444796795 56.981340328033674
8.2623559046591879 -25.191598715564353 -0.35250198337130989 -8.5630769569333065 -11.731445165942942 1.6013150549476431 -14.05259839351482 -17.759503104462414 0.55950513804935109 -7.8001417498261389 -9.38664243081896 -21.439557032809891 58.116486869574743
5.5012169838334586 -23.917130422701216 -2.8694494282863148 -5.3620335357475444 -9.0015178331714765 -9.3639697331794789 -11.906017709093325 -24.209432285667347 2.7275284157651223 -10.343761933711704 -5.6789293701973449 -20.194409757115089 58.344872264289926
0.61645953015181953 -13.930033610182361 -5.71728711959177 -7.9793262693103051 1.4102966270313668 -22.490859371562049 -0.0006876310545007331 -26.672132241358831 7.3643268266938762 -13.800936208531709 -7.9736962158168811 -25.366039573294216 60.038977768065791
-9.17898190375624 -11.181350034934265 -5.8485292076969255 -3.6952058407928816 14.939518413743283 -24.84923602995713 10.347764196728283 -23.24426077607097 6.8632987970100281 -13.137793967735117 3.8098020398622481 -29.064877424582821 58.552927676374459
-15.758754687762126 -5.3939168505474626 -3.2347249494343258 -5.6043213460581747 11.274665479106943 -28.509765036547343 6.7831914767575991 -26.396682624958807 7.6999681367589226 -9.9128131672566315 3.2316952824897074 -19.20991561363202 55.952653655471742
-28.098145600475767 -11.907748870169588 0.25681295130566117 3.5471451196223303 31.431895134790317 -30.772266001685285 4.0861666162073531 -24.30909851879904 13.826444239832139 -4.4593489656039136 5.8642646318398945 -16.818903089891982 49.748784036550077
-31.328444998922311 -13.580358307143493 6.9821535504867471 3.5278628419946325 27.691693763178829 -25.887887455360293 -1.609894723064764 -20.771106884938003 13.878861945705804 5.5232344591139952 6.8981624805335739 -15.704183678299682 48.035644855376489
-30.764037056632816 -18.297635013975103 9.7225680072469469 -2.7758755760439504 27.571742412867643 -24.347659610644282 -1.9181758755768727 -21.5372488063694 5.1553690016999338 9.0120708974723538 4.809592685979811 -9.7725256510741314 45.606160063149439
-25.703884886310622 -13.439589916360454 16.591208630067037 -2.9801835332027391 16.201569301127947 -33.366807895085834 -9.53509589069523 -18.273756405575718 5.3701203019788259 -5.8413389632674306 -3.2072240904275242 -13.056113561278988 45.739532815295853
-17.277620438936797 -4.0746314730792816 19.744588375526128 -2.24468728734618 8.301569906440589 -35.984753711343593 -11.493985971658539 -19.742179982111974 0.49022114081393164 -11.164152625252962 -11.575048228994351 -12.2510975093621 43.993405273923337
-9.3879726394540945 2.0618358461171913 8.6199319780394639 -10.028657215797098 0.64684740000278729 -43.222257804232427 -19.792004778845705 -13.690763302677571 -3.1410298941712504 -16.128675232724383 -11.780600975443267 -17.061381523863915 43.965164621141341
-0.18042795358704874 8.1202316583028722 6.46221233787912 -8.4652292508400944 4.75719403493208 -35.247111995549162 -32.159617739425777 -13.680440031677268 -9.0251459259667985 -11.835319869600992 -13.07334503874702 -20.165630896752909 38.663879119203948
0.108639455487299 6.9015912896157126 3.363703024185031 -5.5847575607173194 -4.0163389235560567 -19.205816234193161 -31.680854988992532 -16.109733448536407 -14.941172433816115 -12.863887511068393 -9.31207061323517 -20.804011686418487 35.093555589163891
-7.55580481499136 3.99651941581596 7.4315145460966683 -5.8134876953790595 -1.325027274349619 -0.18369340592499817 -15.336317917171058 5.0517627895294721 -6.1114696153736077 -9.33263158745806 -0.24795989324392609 -8.20385815667839 29.531226877933673
-11.583079736318806 -0.30517480869248087 -0.19056463346928823 -4.2236722174403853 1.0874957220570756 3.7051317891177336 2.6879791683862524 7.8168106368771442 1.1762780664479229 3.4512585078860445 3.0509790688651317 -0.94780436576708094 26.973219587418679
-8.7284880720321549 0.57069650809067074 -2.4094166994202455 1.9918286588296956 1.04142669833211 0.21933818278970305 2.0524552811170804 5.8218087468919677 -0.42966389359224849 -2.7590640938366184 -2.6113235799163133 -3.997976912930099 27.072462652035441
-11.659092557691203 -2.9561610596832191 -6.9543991750331688 -0.72972511699513642 -2.3755377214439908 -1.63721362853362 3.03113297103392 6.8853376600815 -3.2600166981537484 -3.4394896889396462 -1.7407140062856581 -1.5054708588350727 25.524843051521593
-8.88074882245708 2.3533090219841939 0.77213631554070328 0.93407722989712783 -1.3331445111248372 -1.6119322542908172 -6.3184584177628933 0.63479191926894141 -0.13263846672747459 1.2618454737121132 0.30856037228527383 3.1432631489070788 26.097056755749573
-8.2351401358678711 1.2685440943887429 -0.90793473175343142 2.5975285928472922 1.3567819272416317 1.1391212048380266 -1.459294519356223 -1.2580716520310393 0.84743617688363482 -2.6649910784933613 0.50021291022049263 2.7713475055239329 26.553012872631282
-10.170243490318116 1.1482581725725485 0.34731326484191816 0.61567596456874407 -3.4325720223204454 -2.1996536240289215 -4.2202300308161771 -2.4292891788176356 1.1582713266631286 -3.2772628233185848 -1.6882058981690462 1.0788046039853449 25.328142466259497
-9.4845690911786438 1.4897843587312987 -2.3757639849145136 -1.5039053954743988 -5.5717127749736157 0.772825726158557 -2.3098293666526564 -3.4886695284465739 -2.888527690016562 0.476482574665273 0.0011865999487495893 1.7913668454858671 26.654452177878422
-11.255339165472185 -0.0413372964703928 -0.43607578577340983 5.1635138808904912 4.203405882640471 2.2151110198140547 -3.6451879309296595 -6.4152678975174524 -3.7384992890421076 0.92621710809790325 1.7330490433839989 0.36250005174196348 26.357052343799786
-9.566989557687883 -0.19711838646962748 0.107201710331144 2.6483140219480497 -0.11399266851459847 -2.6731926565538839 -5.9568439043721071 -6.4440016607742923 -3.8208341081386448 0.24765667653536508 3.6413116783313839 2.1758106726587969 26.572645886306315
-11.09244015994029 0.48233459461784173 -1.2962788080751164 -3.2379054996689427 -3.103733864558206 -0.48528602850680541 -3.313637764289755 -2.302407664193201 -5.2467487049361834 -5.2117784038386317 -5.4325655619649895 -2.1515082696403471 24.766453871627725
-10.011703411080143 -2.1566283881998256 -4.7200392662338189 -2.7191936330289437 -4.3077982163368453 -1.6752146830842587 -3.07642258347866 -0.554242490375032 -2.3841804463869707 -2.1939018036891786 1.7720850835884541 -0.47273580971474494 25.863099819555504
-11.149588799492461 -1.1361377535914432 -4.411665561012911 -0.13709219830968256 -0.63029282958124533 3.3325161728542647 0.98560712835645181 0.15937630911288536 -4.2271967315643231 -9.4680241231023849 -4.6332440746364281 -0.57957471954527684 26.137411434085031
-9.6237556549605738 0.67570578176876217 -4.7132387377605536 -5.0995571888631046 -5.4031440198850911 -2.4291729117577026 -1.5273582803634758 3.249235421632148 -5.2768965093513334 -4.7823138284046234 -3.5141731154878055 0.013285996127266853 26.0379681013589
-10.800987669275878 1.0907046674957794 -2.1850552829043197 -3.1939022768326364 -4.3332886081365185 -2.7427325094172454 1.7647277354901236 -2.2183301576104872 -2.5191055284026227 0.40235689832180022 -4.8581222496992513 -2.8534126395952391 26.351830874016532
-9.6494516142774032 0.94625914263830813 -4.3484730764017874 -1.0166491897482783 1.3927132995460796 1.0099327686713586 2.05390220160085 2.2643670820145196 3.9123671477450914 4.7756857412818956 2.6718244699540059 -0.68933778552574909 27.081248927266611
-11.488395815394696 -3.7883128730254736 -5.6078524015363822 -1.2805902694598545 -6.092125848284013 -1.850072131657454 4.0470247035661258 3.4390397330026654 -0.055392834344665666 -1.6947791570767063 -0.0420393924682384 2.7019426938969593 25.967264901965635
-10.183751584767968 -0.3623245494759923 -0.94331031005799593 0.10298532692550826 -0.806052229358659 1.5743150509883432 -3.0043959813854024 -1.8629287365421094 4.12051093339645 2.5329229240318512 6.0625862976435876 3.905088010200914 26.380023633272064
-11.991740452844979 -2.9640019973397091 -3.3128289360917367 0.76827194376571262 -0.4313637239420744 0.46415851807907332 0.73722792779555191 2.6013972828170266 4.2976924456863221 7.5337745751166043 -1.7828371499808129 -0.13744995636155447 25.956368672478423
-11.033644910819534 -2.5149807514710396 -4.8843951901978357 -1.47855772676056 -3.7320476236033091 -1.8691125530632751 -0.035534667698308278 3.6746648591792748 1.4286451685626624 -1.3019666473072176 -4.786383555861411 -2.7470351860650206 26.907374712334715
-9.0077399235998126 1.7310395261252911 -2.271450894282141 1.3525342640173807 -2.3567256646090415 -1.6191907046631913 -0.58516572609508888 4.1582615823246005 6.6877358023738145 -0.43007668059608239 2.770622117398915 1.4451173622673144 25.9942586230537
-10.372734770659415 0.541694966969958 -0.36148331962204105 5.67258704808434 6.3006200031575261 3.4820458056615289 2.7502681751804774 1.3348274655476331 -4.24247822500009 -3.1798283657352862 -6.0436755308112646 -2.2989778387028919 26.046936915858808
-10.0724604571075 0.10133912447948824 -3.7242392591671174 0.059769143325060281 -3.829887811467231 -3.49594218055118 0.48023341437289629 6.5019284736320166 2.4279121547275824 -1.15316069076603 0.64373375788287834 -0.015678608036330435 25.849096544826306
-7.69326232173162 2.1513856097571038 0.44826086503760032 4.6416603166281458 1.3513671835557115 -1.7452062614619406 -6.8986991863105249 -1.1554611058258435 1.9843459779692487 -0.7333434585351184 -2.9072047522755406 0.98407014527886472 25.963422375036306
-10.64269057800508 -0.69293076760653771 -3.3560177480670017 1.9266626304004462 -0.058788238002910664 -0.6904600630109663 1.6973664749126414 6.0922505658298656 3.5302441219953202 -1.5518074191757751 1.305205350269087 1.2264638811490398 25.761384581378678
-9.811635372021895 1.0565525565580109 -2.3089101539899843 -0.2870082141914379 -1.3700526409473379 1.1442406002635892 -2.5408506138835536 -2.6034368184303855 2.5347591483688614 3.3248541513848044 -1.0314190670616861 4.3028192248915129 26.333259857279725
-11.219424939877552 -0.025102194913261988 -1.1749700037914617 2.2518833678631114 -0.7426648478269442 0.54765320949648877 -3.3430593293435114 -7.1911787446696982 -2.4936634709586327 -1.3735787092205103 0.60282373119635058 -0.38242364830458447 25.834928362970217
-11.796379404331654 -1.8253813371980652 -3.3872053191056009 2.0823045956845951 -2.1395379716166256 -1.3506212974805489 -5.326593614207173 -5.1240902070927765 -0.748983017960002 1.6787721738440289 3.0546355889837606 0.24851083020733084 26.332342218797613
-9.96534197595271 0.35460015166481285 -0.5533401392744105 -0.083690507289307867 -2.0365559366834249 -3.5583612447732982 -5.01194485918271 -2.5714169288887048 -2.3470991973053938 3.1037933313520241 5.3836226731619323 -0.61385670526266933 26.082317158540274
-10.0488196509256 -0.39599270127932346 -1.5330533414685668 -2.8520464316067251 -5.302720224844248 -2.9035589378564648 -4.3002131405223532 -0.64536399365617747 -4.2299801969581834 -4.6327147472827654 -3.1480622037229544 1.2852487964973927 25.428628251205705
-10.035777689778238 -0.40021768817785675 -4.5146980949957687 -0.531138963621625 -1.0384918445941689 1.4337693835189613 0.88871177068060037 -0.15944473856767147 -1.3882853086622184 -6.7452526912749615 -6.6478893705514626 -7.0162904768348096 26.895028918663773
-10.35088892021367 -0.93403525042783841 -4.3448243097474224 1.2688738966338153 3.22927886686547 1.814597910865934 0.63315616086749082 3.4546509743690152 -6.4124762914113713 -10.841360354736544 -4.2282476750638649 1.3723230665908119 25.741045895327826
-10.258404410625799 -1.0724585371899007 -3.9567231118440307 -4.4747643073824648 -4.4344047272322218 0.03198721613880183 0.711289516557826 1.4541494681526155 -2.9173503454673204 0.99941906501318389 -1.3874869946343744 -1.0853539637646266 26.500457255653711
-10.407810882902989 0.28511531506745552 -2.4870632986313232 0.72262190205927335 2.3329879464895242 1.0090751788792149 3.9665525989161305 -1.3633139538848935 -0.12764833414316173 2.5354169853533293 -0.98209583302854819 -1.4308459358393528 26.679843839434366
-10.405135164594208 -1.7601955164820489 -5.5156297608211506 -2.0494283145247185 -3.4034001674371881 2.981311540874708 3.943621673632284 0.52307568335500454 5.0378031114875146 4.6793473010092868 5.3456836087985149 2.9182429408616288 26.793458192769943
-11.04833851250598 -1.7354123422651837 -1.299940508688781 2.32098218350559 -1.3472625517593508 -0.94278867162488322 -2.3088736313096567 -0.732991690124777 -0.53123541734669244 0.98224117493745133 4.3873066510599976 5.8576429769522971 26.074002751341457
-10.25328719470348 -0.27559111244963852 -1.6001450319858319 1.0038251829444613 -2.4661704177319459 -3.1070660863835733 -5.3215591680090419 1.9736262399112714 6.1241355790063912 3.538546041882682 1.5864866813639429 0.903094924567091 26.435093685500828
-10.226443002871006 -1.1346470103628745 -4.3160513377157024 -0.87739795142429877 -3.3574893393934953 1.6758785459138354 1.8128508128816987 2.7072986345475547 1.3302903671995967 3.3439155119541737 -2.2617981647095595 0.272300800930056 26.104609885929833
-10.724898011420811 -0.65814207118283186 -1.4152621712792859 2.1629498247990817 -0.37559242489249389 -0.51686103021094953 3.2106583340560984 3.9944416577637814 5.2667710895145721 3.17684450747794 -4.5450974967281788 -5.7017750921437562 26.56943330907723
-8.6264083407192356 1.8168937860894849 -2.6505756251426491 2.9915427713677603 0.66903763972911767 2.6044808647227171 1.6386280445924535 -0.91425673731345658 0.37408007163268947 -4.1026068993395635 -0.8490659980774472 0.025817565168345113 26.470239140909957
-10.89559949832384 -2.0560965864807974 -5.2312894842722715 0.023909494578114754 -0.13831901660441667 -0.39544291573364637 2.917621872443 6.1043777519613975 -2.9759463775139356 -3.43241515112522 -2.9389273451096178 -2.2477085844507423 26.084481937397946
-9.6662918996402816 1.9342646954210785 0.92651725203027491 1.5124778231389986 -1.4795438959646821 -2.2139051642162437 -6.02421002012602 0.66546291839876859 1.9845972323710981 0.83590737606083576 -0.613032033427061 2.1501133311963732 26.111685713615564
-8.4840087582268939 0.57846469480789564 -0.48993165853201676 3.078474893769342 0.31089946693735149 0.1329137419718337 -2.4461195818909554 -2.304225177636356 1.9396790295067217 -1.9066046148853901 -2.0033774731799738 2.5614460550520204 26.706346718293062
-10.882271595536023 1.2704749918722593 2.2539074270170332 4.2221571945359111 3.0862167126064897 2.7397049916330705 -1.7036163037618337 1.130306450892073 4.8617286592054469 0.17519814115908677 2.4747993434522053 4.2773465838570317 25.390758517660075
-9.5237474611669786 1.3509350228815267 -2.9315158226096942 -1.6476372148747469 -5.1692010304239613 0.37146697202729811 -2.1647530519616538 -2.5668779574606986 -2.1516880099713647 0.50655491143310272 -0.50866383054061259 1.3683176691174275 26.679614323435317
-12.349907062851235 0.023933888476310124 -0.78808903619996251 2.1530037635263257 -1.0303824314713823 -1.2646436907966692 -3.6893726515981617 0.64762616328692035 -5.3395291937389509 -3.1655315626823222 0.037924778708062878 0.5277595675753326 26.170209541108481
-10.31281289511624 0.63408640235554226 1.1864984964023955 2.7025458904979893 2.03105058899185 -1.0244427557632267 -4.3815226151039539 0.88373567229268546 -2.4230738067921602 5.4847916589815613 3.7995636996500726 -0.6248723576994808 26.741500463421275
-11.969152961284633 -1.5020363513496884 1.6295804043824265 -5.01966705451909 2.5611342801060863 -1.8587063490530913 -9.5420393447596314 1.140185632129961 -2.8847291580847347 -6.3799820364494462 5.35937829231218 -0.65931218152330362 27.104489909850493
-11.618719781190299 0.7958351174799756 0.076355984894623571 -5.0812339627586569 1.0038910006165516 -5.2212580392786725 -7.6803959898548477 3.1750341045227106 -0.85947623049374111 -5.4459719488990572 0.22328988280283302 -5.5796536200387568 27.714181180755073
-12.755560587529045 -1.46776136714669 -1.0494568265677897 -1.934461513401992 -4.1762090318963576 0.075238285397941612 -0.90146801408518529 -4.4003813354780812 0.23668492167400748 -8.0834126704199658 -1.1534626755395974 -2.6788292893177763 26.817554300528428
-9.0606687880940644 3.106672377758235 0.36444801672321525 -0.71675044430979051 0.325716482014814 2.7102721845443432 2.48011989215525 0.31067269394646074 -1.4851552407514277 0.556766871931402 -2.0756772627539761 -2.6398263562866333 27.539553348148573
-10.170428980643051 0.57949992030803754 -2.2738523523976713 -2.2276758090475592 -1.802682653461952 -3.0312038800585945 2.1948285164400487 -3.6100967168570239 -4.5283143189669621 3.6576517037186758 -2.3814531785271877 -0.39017762583713878 27.281261313999494
-10.296242956222253 0.52907251142648359 -3.2911571841974352 1.0767885371774852 3.4343298791451673 -0.17059677889203134 2.885791035065064 -0.880296561079047 -0.89182637457971214 3.4022983663673361 2.3265927257345078 4.36959832503303 27.025058765130265
-10.506601507958409 -0.95038027520970081 -4.2457441820960522 -1.5858655148691925 -2.677720539690073 -4.8888795677486012 -1.7710830100541761 1.4459759381989299 1.4805618967833256 0.87427767017214253 -1.4460406268219881 1.6684838966435254 27.237605602788285
-9.3287903670284162 0.38669420043803521 -1.7467787593732187 1.3132724740249897 1.0011084440005229 2.4683256443558044 2.1471096922728203 2.1462351520672982 3.6586802906693823 2.0836819572584133 1.5635830069278893 0.92955024041383283 27.337120559409815
-9.6707589023984664 0.087143352519054154 -2.0177752743174913 1.910043751114215 1.8289384889612095 1.1969105030470755 5.2908581292429488 1.1663618464512615 0.82515912908643385 1.6134815635155839 -1.4655034604214852 3.8178909762887665 27.349447295731256
-10.371677859370308 0.85462897797264525 -2.1083787329235557 0.55168338546827156 1.8138528005400181 5.8128596622542892 11.548489347020691 7.9682892754805561 5.92481799157458 5.5691868194797758 -0.375616029408562 -0.56821737919743165 27.292837723377929
-10.323131355958076 1.8457675549533787 -0.51034341889881685 0.3814994369052116 -1.7340460449395152 -0.6762470657599412 5.75311041553133 7.3430243691616131 8.3710904181903 5.9162000275629634 5.4682726732044884 3.3966441004669625 26.195319930526754
-9.3867625792292628 2.2232426431628753 -1.0421173165251836 5.4575656660405469 6.0164972733388131 3.4161918284313844 0.76598974343010029 0.87255291315569572 -2.9979020825194262 -3.7851541667750781 -7.4098884102535774 -4.1701524857155485 26.299601887926595
-8.6941919320594714 1.5820101671583673 -0.81593439093682885 -1.2539238538396413 -5.4769324109771187 -1.1791950697499061 -4.2527651085127491 1.9233638653608021 -5.8159520969576635 -1.9971097999209122 -0.86415009316852764 -2.4303953277650256 26.648894822730238
-9.4793621607534977 2.6035500890961338 2.3660189758583359 2.8447739310005193 1.8153488854321647 -0.35498841431160866 -3.334769130020335 2.0404260688903806 -4.3050872240576821 0.76692467625370953 -4.9297485319915939 -0.75873349716265281 26.217280688613876
-8.5519881613906445 4.4816945773816572 2.5535153927955188 4.04857572957652 5.8912406934955577 0.88631291526161271 2.34712579470692 2.6383013859274289 -1.4811521839368964 -3.9229064494745258 -1.8527939152580664 2.4433699306633785 27.286947200576041
-7.0235740866294876 5.0522970345497793 0.98098425993977512 0.32201337915047262 1.3628026657785428 3.7015461507196177 1.1808689062223356 -1.1138663318808637 0.17788524260946667 5.6939781237290816 -0.25539585918808883 -1.3769969511339901 27.862072922466695
-9.0099358463966173 3.191418067706592 1.8929424378969419 1.6129761008688452 3.7219685429401879 3.7594914329198077 -1.4788632132592394 -3.4446544334144753 -5.9682930392568929 -11.466784748722109 -4.972498024683313 -3.0046055602778647 27.865060739874391
-9.6752981761758718 3.6491371080093788 5.0092474871539414 2.6473272021143752 2.1907607903871122 -0.55328879450909463 -4.8155503344083535 0.21363301785196742 -3.6030104846153708 -9.3552136005365565 -0.33257072727430814 -3.5705829618167777 28.05748786194685
-10.987226625184753 0.83454627980342477 3.4686305515454658 -3.1862298592192562 4.20682003014258 2.4576248640652034 -7.150999387400824 3.6958978646579368 2.8629658028235889 -5.8284310352178474 3.4221228045011469 -3.9503069243719207 27.517271391461787
-8.081783809359349 1.7026486107191814 2.7021150265869993 1.553923070178989 5.2993887721842956 4.2253692345833507 -1.4222803206191077 2.1812113559466866 -0.791880679743987 -7.9381476187866609 -4.6492725062666214 -3.4854501125284885 27.825208512733365
-6.3988668221044716 4.545615211507319 -1.3345819688034934 -1.597898359103203 1.5149770891330325 2.3819348006116106 -3.4918934740988621 -0.61555903493085817 -0.52308224214704635 -2.2003242110224726 -5.3944719022643266 -4.2775204705169285 28.306704835958374
-6.242727294141087 4.6281746902005683 -0.965632004440668 0.038916447421650908 -3.9613250677145193 -3.5001890050049767 -2.9417004704223118 5.6757032952623181 3.0167722761701117 -1.5868533632275528 -0.38127890669712228 -1.3669304526134658 28.011858238928511
-7.0314732098062551 3.2271497133655709 -0.66310806285670232 -0.62557099058728949 -4.3065988614343969 -3.6394284702889061 -2.2849583318993352 -0.048033193625747324 -0.6304866634448385 6.0359725720411239 2.6303509443521667 1.6777649744544996 28.191477135843503
-6.8432263002854894 1.6263917553155225 -2.98549520861154 -1.5630403994260276 -3.2306942125377418 -8.6475133030820519 -7.4182981894575084 -5.252693010362699 0.53495430639067865 2.8999964740257873 5.2173411278630057 -0.052906512834282868 28.290946494273314
-6.1938733505228214 3.6320781596455292 -0.84023810587763736 2.0820030392495612 -2.2773516178350945 -0.2887810153546575 -0.047733818914015021 -0.12934353217147668 3.6712807088623332 6.3959477673185106 5.4428687195361274 4.4934357655419408 28.586615822513359
-7.9202009276480458 1.101209165711698 -1.8246783486458387 1.4483345923724884 1.4258265584546281 0.087668605665872368 -0.8774878382649749 4.0099331772032549 -0.70381592583288166 -1.1586117568942795 0.64880738280422956 -0.26727627448218572 27.646713597842208
-9.6646758464875742 0.58009030594547961 -1.390324862000401 1.1160632104752481 -1.7125466335642485 -1.6532784923903596 -3.6910941455711619 3.2170364685766861 7.4264980498209416 3.7120625736069535 2.6254278173380872 0.35916539990253837 26.709050689357532
-9.00457526743771 0.77378288122151462 -1.6475617325994156 -2.2584895329616148 -3.5723378782992903 -0.01302329503924566 -3.3066152157784292 -4.0860639880889345 -5.4017552177852854 -4.2501084600596748 -7.6898010960123946 -0.46402470111616462 27.243997571738472
-8.56277080353973 2.2108487645591053 1.6244692226480619 3.7045291545392942 0.45146768293762052 -1.4946268614936136 1.7872367719827462 3.9083192761074166 0.74356238282710341 -4.401084687962407 -6.0983977089971857 -6.4861950972639537 27.824135288892624
-8.9202653199243667 2.2834424044167405 -1.6570179962961338 1.9204924171328039 -0.3477767383828142 -2.0571768508312638 0.13232840619017752 -0.88941824357191357 -0.82523494885586757 -7.1481774452396474 -3.9102047652181904 -4.226620539227226 26.849010761626058
-8.86110251104637 1.1803993682534724 -0.29017755582367938 7.4359881964965355 6.2181881305963076 0.45611817444947883 -1.650917344844858 0.49798012695959609 -2.2374602109107427 -1.714024015756862 -5.2259342258489561 -4.1074680957927052 27.208197282300585
-8.5367427379123733 2.7228672260333782 3.2056296129647239 3.8457255991751209 -0.93423083034934129 -3.7332835901098971 -6.81822052741522 -2.6412656369795813 -0.89770352947798449 3.3544288604721952 2.0873743158213784 4.8704828940500455 27.011550780163102
-7.9834802324531617 3.2663072520109178 -0.59586776599284053 1.817569205259902 4.0847343108349312 -0.24785414127013319 1.0594303190812751 -3.9292844610536184 -2.0102474925597051 -1.1335241694770621 -3.7634698651674814 3.2163705306675681 27.58996291214163
-9.1388510052760381 1.0576326930899287 1.2195356535065902 4.609190524244978 3.9154301805505241 -2.9412635817073336 -4.7119953620969275 -3.5651099327136406 -3.5570582843097776 -9.6402631678906854 -5.6094293864167115 -3.1583458885939995 26.875544041118619
-8.4007973585671039 4.0984638766748889 0.0858919384188544 -3.735749878940537 -1.5633647093312126 3.9700570437510971 5.526815523312214 -1.7987963694266302 -0.69553611241682767 0.11109498807293655 -5.0591999009560595 -0.5678440077931719 26.961522427566617
-9.7464922169730972 3.0770288067293521 2.4203482042213005 5.6870532755211141 3.928151308701826 4.6623893107456711 3.6686677688816358 1.2573089642732143 -1.9424481418026225 -2.335112422946227 -4.7051132032386827 -4.6468595502243462 26.94545243616507
-7.9693447637685182 3.04154460812048 3.0084866172952154 5.9163083056305963 1.6868302444324128 0.70564856996372916 -0.84114127665252192 -0.78025337000734019 -5.4862085251076937 0.2493799682485002 -0.14091813432278288 -4.1456345768145431 27.083871965777064
-10.54193409537022 1.4651547018653566 1.1875926313061356 5.6413982831476064 4.8042195565287305 1.46441175019354 -2.2745555155546175 -3.0412427178417234 -0.06506568824727306 1.6585353602660489 0.1037512072559964 -2.1156722905777126 25.744716369525957
-9.8114828364720239 -1.0788258867110712 -2.2964691564843442 -1.2436245755987481 -3.43890995628646 -1.163451515163755 -3.0996635707788611 -3.877177418039814 -4.1172950609817152 -2.8501559275938915 -2.1097302300281937 -2.2923408842189628 26.301303339248271
-11.035008439259125 -1.3172837364889491 -2.8059940978476519 1.6753985325254266 0.12405236740141987 1.4959936667652485 -1.447532992292395 -0.07627303048202759 -3.0947436973499536 -10.143461639115461 -8.1387618893140239 -4.2910101941352412 26.510203499087115
-8.1400073955542318 0.70362312602194976 -4.4318545656075479 -0.5798349191912594 -3.2617729976237078 -1.3044580750471315 0.38478531474579719 6.0922974189468277 -2.0050327343588963 -4.0283480068133084 -5.3799980773391187 -4.9626383522310968 27.153955999991812
-10.102621962295053 -0.46872643965457994 -3.1992142906710148 -2.7073457759244084 -4.684126114604382 -2.5318455442884145 2.0034091992694867 1.4471827130988131 2.9726496239641316 6.3364804030902517 -1.3011250252594531 2.4648693216770128 26.955948924648002
-9.7877075087941137 0.68004930991043389 -4.0141152275191132 -0.41368005936777341 -0.46048865464444472 1.1960820270730408 3.6099232167344346 -0.54939101703854309 2.0855102237789627 2.1678341607568936 1.9083245470531578 2.4507006398750941 27.269010480736149
-11.376441738593272 -2.1691432608803094 -2.9045068147231832 1.1917576238718093 -2.4634752765226007 0.68420242339219106 0.72402198045760835 0.54379659281224035 8.68275627666165 2.95157525755537 -3.0873936373702313 1.0472829332260576 27.349921348675306
-11.227590494206513 -0.983486898428651 -2.12814523521188 -1.930214205147972 -0.87322162290527372 1.2964189351475803 0.13671979720470598 -1.345896156118255 4.5499219768694816 5.9470692976515416 4.5023722725982722 7.095514969956251 26.873180172761838
-10.933665679395281 -1.0474624027798882 -1.1999782589445027 -2.3984512009217327 -0.67059742384366483 1.2955591069908252 -1.8073295040555053 1.931504452613428 2.6892510776333105 3.6971950367869262 -2.9428631902137563 -0.652687248648564 26.861200671338061
-11.715387450284146 1.05172827989172 2.8689811195261492 0.23015903632968321 2.5187249404081555 4.8621313675146371 4.1778314419311471 3.5307620745172663 -2.164243398512733 -1.383656655847276 -1.1844981995398263 3.254336393313713 26.585227647656826
-8.6951883798869769 3.0217364796858339 0.36587616208968116 0.51262028195057874 1.5631579606992074 -4.3940147374378071 -1.5458447440135881 0.076386007544778825 0.32410507570819708 2.8883922746221362 -2.9086822054355381 -0.60233673825246647 27.513534980288476
-8.5992340883535956 1.6323565851348187 -1.5470300251807285 4.2975599021437185 3.8323201062613981 -3.4226001714161245 2.5493165744414443 4.6774383191060078 -0.70463599292935741 2.707843113285358 -3.8305036173197839 -3.8436356015436868 27.399085984424612
-10.141359367000749 -0.266023313359497 -5.7621023115811552 -1.2770157645414 -0.83720484335772938 -4.536369168239947 2.7198726323129123 5.4834817815479635 1.8715096090602807 6.2896910661687659 -1.2310459218245438 -0.80338155809356115 26.700515651484128
-9.0345519093446462 2.4543402620971939 0.93749991422913781 1.466677616962422 1.8863990126106285 -2.5925014882194759 -8.2011189071041422 1.3675464814702749 2.66234897666977 2.47980583879438 -4.4447412856181074 -0.23875597053311451 26.105595193282216
